4043
4896
9166
5521
5146
2731
7045
884
4359
7577
3941
4364
7844
4706
5018
9574
9326
4477
6152
3179
9635
5264
8164
2518
6657
2781
4977
6327
3823
6932
1735
137
3382
83
1432
2387
3041
2187
9496
6078
5681
8295
6285
8531
6312
8698
7233
7906
9021
6987
4321
1439
5391
2796
5569
9281
8773
1685
9350
5376
8260
614
2772
2326
4676
7649
6476
7491
7282
8124
7526
6605
1201
4655
8296
2161
7817
3498
5542
2612
7249
213
3039
2243
7940
5774
8985
5634
1528
3916
7447
5362
15
748
8781
9799
1408
6888
3355
733
1630
6969
1858
870
2488
4609
1116
7968
1423
8047
2804
4986
8667
4679
575
9113
2412
1577
9385
5720
9838
5286
3055
7580
7047
3142
8678
4680
3564
3976
7749
9776
3132
8189
8546
6412
3627
541
1704
3737
1945
3907
5942
1592
2541
5888
8977
9072
1532
3964
7344
4976
3543
7698
4643
5884
1464
8043
262
9952
7624
1215
5298
6975
8920
4793
3005
2386
9768
8835
2733
9850
2871
172
484
3025
361
2803
691
8318
927
4996
8969
2385
2820
959
4083
6420
6504
4535
7899
9204
2766
9747
3831
839
2866
8671
6819
6004
8979
751
407
7723
4700
9602
9897
8460
5136
1748
7616
6802
8514
6646
5188
3069
4427
4023
1842
974
8410
7600
8561
986
3881
4941
9674
834
7332
2598
4628
6743
3287
1449
1059
3162
7305
1956
4913
8255
7747
5679
8328
912
1274
637
3385
7433
4811
9141
4916
6354
1983
6332
9530
4956
9470
8870
3250
1713
9753
5812
7268
7975
8016
6317
5583
8280
7193
1654
1868
2536
9849
3325
1558
8007
4644
4741
4980
6377
8412
881
5186
1148
742
41
4457
314
6451
1942
9349
2505
840
6940
5881
7243
2160
46
3661
2415
7658
8421
1387
5225
2486
3705
6887
660
6168
7620
9461
1329
114
4988
1732
6066
4127
8727
9424
6457
1168
4252
393
9927
1085
5544
865
2586
4260
1564
4074
6417
6904
7471
9609
3381
3097
9630
311
1038
2133
1817
9080
6900
2375
2446
6622
8897
3353
4841
9358
7737
1612
3483
950
8480
1669
7709
8209
6311
7583
8198
8293
3038
941
3704
9880
3673
7224
2694
2906
828
2254
9205
3431
2477
2449
2995
7383
4281
1734
8825
8277
9598
4357
2401
1391
2626
7006
4037
2801
6218
636
1005
6670
8418
4168
1132
2797
4593
4623
9592
6006
5777
5729
6698
1867
7172
9975
4948
8034
389
5886
6426
6192
5918
8266
4586
9901
9701
658
4383
627
1016
2940
4446
4471
9466
9514
4209
6172
2934
8269
8113
7368
7110
603
5536
7553
1694
4777
2784
5773
119
9964
2216
7335
4658
8375
8659
4492
1427
3037
1047
7235
3772
8885
4659
8267
7196
6700
8850
1664
4776
2389
6280
2475
652
6449
2036
2623
3214
7293
945
9434
4693
7026
367
6814
2853
100
493
2436
7633
6042
3601
8574
81
7055
2147
6189
7720
7667
4740
450
5778
2769
3487
8721
8146
5204
830
6714
9114
4290
3706
5921
5023
7587
2480
2060
5874
1970
7880
1460
6735
3760
3667
3524
9453
8887
790
7362
1973
7381
7450
1915
4356
7259
3734
9824
2467
5769
2660
7175
6977
4649
4026
6241
8661
1071
9402
6840
222
650
2672
3644
5801
9764
5102
7632
8816
2607
9586
4892
8276
6958
6346
4421
6188
2492
7119
3658
3334
4019
5506
4968
3934
4899
3699
4735
4308
5305
3830
4822
7485
4730
2645
516
8084
2051
1788
8383
1865
6249
4844
9274
9168
5783
5066
6803
4726
9728
5731
1887
5982
7321
7357
8520
1593
8517
2678
3014
7868
7595
6705
7411
6913
4176
9117
3727
9240
9808
2108
8306
6072
2224
7617
5062
2052
7493
3937
3319
2944
2697
4204
2272
8356
6002
792
4472
6036
6702
9888
4183
1203
5775
6139
1072
6694
7541
3833
8464
4505
8493
1992
4604
7622
7106
8898
154
3200
1770
3797
1078
9913
7388
2849
2938
6033
9491
8814
2459
5392
8245
9841
3299
9671
7931
8810
3345
7785
8767
9291
2
9340
1242
4244
803
8311
8291
3796
783
2945
2392
108
9164
3172
8875
28
6091
3789
9042
5280
2668
4379
6827
954
5915
764
5555
7549
1644
7190
5697
8384
2183
8127
5527
731
1829
2994
6115
4667
1213
8848
9931
9230
4745
4461
5584
3268
1939
6767
7753
9780
1266
5465
5979
4799
661
4394
5393
903
5698
5735
8434
1726
4011
1571
9939
9153
4215
6588
6126
8662
8793
7706
8104
4716
4971
2885
7925
1636
7499
1922
2471
9837
1655
4837
5931
4263
1760
3989
2452
2080
3723
2351
298
3747
2747
683
7016
3619
9409
6148
4387
224
5798
2271
204
7869
112
8673
6340
3215
383
610
1496
4087
5951
6719
6507
5981
4673
5210
7850
8883
6300
5270
1333
1537
9842
9090
9973
5727
7461
3938
3525
4137
9006
4119
6173
957
2791
1665
4031
1815
7506
7394
1183
535
4025
569
9499
3784
4795
5139
6626
1245
7985
9160
8704
3411
8803
9096
3573
1028
6591
7081
2651
9577
6611
398
6783
1129
474
1914
9936
7046
4314
4894
801
2990
8628
6529
7168
9666
3698
2163
6770
2312
6632
7523
5640
7626
9293
4072
1628
1097
4352
6272
6180
4473
5123
5779
1190
7198
2701
3686
4189
2572
4797
7914
4743
1001
3859
6080
6604
3231
9608
8142
9879
7660
8749
651
2149
2867
8580
4864
6267
4930
3206
3339
7916
9294
3862
5819
9220
7662
5369
299
9081
9910
8256
4207
4405
1941
1658
890
3306
3460
6599
3048
9826
4201
3303
3315
8474
3008
4086
1971
3390
664
1977
345
1257
9740
5082
5304
7437
1167
6569
89
4597
5353
7294
2578
4052
4113
4303
6771
3099
2383
7618
1716
6795
8720
612
5730
8807
3313
7758
2026
1976
1147
5920
5469
5696
1173
3478
9442
8812
5858
8273
390
9379
5020
3293
8284
5077
4095
8416
8684
3987
7588
9355
5178
7141
7442
9659
7958
2076
2918
730
758
5638
1302
5676
336
7255
4727
4500
558
2727
5047
2191
2124
8462
9140
6477
3428
3433
3425
2391
2411
9314
3475
7552
8166
3352
5448
9368
1656
6289
704
2657
645
5303
3438
3107
1957
227
6920
5701
5395
9035
1469
486
48
441
7015
6786
2409
9377
5366
3136
8095
8187
5329
1522
6824
2695
7564
9378
9493
6845
5124
3482
4234
8798
8908
9374
7688
4608
8395
592
4532
368
9986
7091
6035
5757
5016
9893
1320
6347
623
5316
1082
3010
7056
4455
1517
128
1256
2673
5250
3829
7234
7128
6655
7300
6835
4240
3342
9236
7438
6186
9074
1725
8309
5213
8022
7360
6193
6620
9523
3399
2627
3761
1284
4351
6123
9505
3982
3129
9259
3851
2230
2891
479
6220
6253
4920
29
1385
1523
1706
2807
7738
2256
4053
92
3681
2919
6165
3375
2283
358
9581
6003
9959
8194
6752
3588
555
9560
9593
5253
3552
6673
4578
3098
230
9146
5807
8132
5025
5722
4847
9242
6048
8800
3184
8364
3752
9084
6711
3081
9966
9086
5325
3997
4969
182
3183
9977
711
1681
774
9956
7870
1442
3221
853
6471
8301
1603
7326
8804
6916
5221
5030
7277
232
4830
96
7309
6010
3819
4497
4886
5978
5997
6226
2491
8002
3900
4803
5144
928
6713
8928
4224
2504
3527
5768
7034
5808
5
6807
141
4687
9813
8184
8983
2880
9668
7513
3127
9149
5985
9704
1619
4266
2755
4935
3725
5230
8098
199
3340
3618
2575
7201
4400
7289
4786
8180
211
6304
8801
9448
9774
5170
4458
5295
1690
5321
5328
1562
2845
9029
7088
5418
6778
7892
8705
2223
602
3620
4893
6461
8600
5342
4801
7351
1463
8307
2913
659
5368
3495
2107
615
4558
1859
5450
1549
2031
1433
3984
3282
9353
5673
5290
3473
5197
2975
1519
5601
3075
1130
557
2664
349
6543
3102
1493
6350
7074
3344
6760
9303
4041
4496
5071
8923
8957
2291
257
4139
9410
1952
8498
7852
1332
5933
7479
2323
8573
814
6545
1033
9014
4000
1314
2245
2585
4378
3410
1446
6309
4238
2851
9388
4848
4666
9558
5452
5019
4403
2078
9000
492
6231
4619
9073
7927
2927
7627
4382
2135
1747
3637
8577
5194
7634
3212
1040
2601
7822
4425
7239
8881
2956
6084
2522
9775
8757
6366
8542
770
5157
2860
8367
5192
6071
2580
4001
8551
2698
1196
6336
1404
3532
2362
3578
5710
1979
7722
6763
7631
5121
7033
421
9839
3126
2545
5370
7242
8281
4572
725
7543
3827
9098
5195
2447
2244
6525
1403
7149
5822
9046
6199
8830
7621
5995
7104
9280
8490
1585
6307
7704
668
7995
4927
8292
5713
1295
7151
5061
8319
9224
7787
2097
2458
3348
735
9039
3234
7359
4994
9264
769
5728
8592
2957
6496
5331
7803
4077
4286
8764
5241
7716
6374
3459
5840
4179
6093
995
320
9257
4705
4393
2276
597
4486
9882
1166
7219
8497
53
6526
1856
7842
323
6644
666
7072
729
4554
6520
5657
1240
4169
2981
2428
2794
5758
1457
2058
9998
9413
4162
7356
2023
4206
1739
2419
7796
5129
9766
9847
3509
2958
4466
3367
3026
8651
3380
8745
6914
8278
2358
4691
2144
6792
5637
7017
8141
841
8066
1
5707
6142
1514
9846
5000
2350
6862
4388
7440
159
2338
107
2921
9715
5563
7240
9949
7909
3980
8829
604
1736
8529
5447
6857
7874
9012
9333
8997
7885
2614
3561
1204
3272
6415
412
560
2771
8351
1152
6379
2333
4340
6378
5549
5112
9017
6250
3786
9580
326
241
9706
4070
6134
978
8275
8683
1531
5844
4926
6906
9900
6375
8572
3674
6023
9585
7340
3775
6811
6748
8838
5259
2006
8119
6430
3595
3677
3696
1832
876
2282
7668
4022
7714
65
7295
4051
4177
6697
9272
4040
7118
5198
1095
5420
7888
9327
7160
2641
6110
9683
381
3716
2966
9783
7530
4093
9125
5643
8852
6236
4596
9612
9186
4479
3510
3032
7378
747
4695
3582
5695
8137
4245
7449
5302
6334
9329
1746
7566
1933
5456
8677
7365
9721
5683
1365
2615
2582
4523
4274
1123
641
4218
6910
8261
9245
6068
310
5894
5268
3389
6923
5027
5594
4877
3002
776
4547
5481
8647
8148
1927
8082
3585
7280
2427
1569
1198
8730
3443
8738
9576
6665
4853
7008
3230
4595
3645
3998
618
203
2473
2166
6158
3894
6960
6044
9600
3349
3887
1896
1104
4872
2217
5378
5349
1840
9835
2126
5666
9354
7363
3417
8805
2656
5761
4012
9772
7792
9163
910
6109
6870
9232
4147
9423
9971
431
3598
517
4647
308
6765
8978
8693
8860
6209
8815
3327
2237
4991
4922
7693
8645
6079
9687
5654
8501
4146
5693
4503
369
5650
8050
2221
707
9233
34
9557
4832
3633
1881
9664
5015
1640
7991
9536
5904
855
8994
6692
9968
8400
2756
1812
5784
7831
3479
3356
7329
1773
8358
564
1991
2890
1848
59
3137
4498
816
5438
8122
938
7963
5110
6737
7483
461
6627
2768
4584
193
9937
3905
4850
5433
7782
3565
5587
9212
8863
5552
5472
6557
117
8631
2195
5836
2081
9831
1855
5688
414
7486
5430
2648
8494
2519
9535
3539
5021
6564
7415
1050
9648
3131
4410
1181
4464
1579
9639
8005
6615
4020
9848
7563
7250
3371
526
7232
7054
439
5379
7276
2259
39
1035
806
7915
3517
5862
6624
3072
220
4549
3641
362
8380
6952
8452
7884
1300
9616
8769
3201
8790
2085
7457
2758
4219
6438
3134
9369
7517
7596
2856
6911
8931
1218
8543
5780
4134
5380
4491
464
8867
1938
1121
195
1430
2502
2308
5343
7981
9475
544
519
7598
4442
5399
6498
2211
8488
8163
4555
8641
5726
8602
4389
7206
5332
3089
6727
9219
6625
8470
754
4198
7509
8346
3843
9543
8057
6045
475
4701
1476
8607
796
5285
2775
35
4104
9760
1315
687
7318
9988
8338
2534
8336
9009
9265
9979
139
4210
646
4101
5671
9748
4861
8304
3715
9091
2837
1539
1412
1617
7567
2478
1088
2057
546
7641
250
5960
9050
537
9070
1555
1031
6566
105
388
5091
3611
9678
8713
2802
1465
8411
8820
4641
6961
7095
5699
8089
4272
408
5475
7167
2621
2910
7059
5031
9595
8321
1340
6532
9833
8826
5088
9741
737
5074
6982
80
952
3191
909
6704
1299
36
4402
4607
8622
8487
3985
6291
982
4798
4637
759
7574
3020
9047
6436
8027
5035
6864
2527
180
2370
7813
2463
2951
4533
2027
5847
6393
1474
144
2570
907
7494
6848
5375
400
7556
8723
5355
494
2553
8598
5010
2521
3259
363
732
4559
8174
3412
5282
7837
7992
5516
1197
4438
8268
2465
4802
6360
4149
2062
306
8731
7258
4098
2132
8500
7475
2190
981
4721
9027
5519
5490
4233
8265
5119
9694
5106
3680
584
4963
9243
313
3546
2151
3071
288
8322
1102
3000
6385
72
7529
8015
8682
2633
9155
2948
7802
3499
1217
4566
7169
2976
7308
9962
2306
5263
3697
1816
3414
3369
396
3668
4211
9241
5245
1947
9719
6009
2353
2500
3581
7410
4370
8459
2130
3708
4760
3256
7924
3553
4154
3251
4720
2752
387
5381
247
4758
8962
5753
5719
2992
4483
6828
946
3279
1004
463
9790
3057
9076
8690
202
7097
6844
3685
2373
2606
6118
9334
1733
4164
9209
5219
4591
344
6213
8087
124
3220
6466
4172
2706
4499
3908
1350
1133
8663
4656
3792
5892
3935
1490
9928
7986
2007
8341
1756
1255
4690
3593
130
1875
5114
8930
7297
680
7372
7522
5396
919
4931
8758
329
9330
6686
7712
4876
7416
5482
2644
1063
6925
1687
2593
9165
4417
3449
1607
4517
7717
2179
133
3701
3406
8078
2642
5520
4993
9255
1394
4819
3863
4141
5543
427
6187
5806
6754
6085
9428
1074
2213
1400
2869
2754
1109
5878
6502
7269
6171
6666
6326
3053
6513
4905
7534
7150
2441
6372
9316
7876
3366
7742
1778
2964
9981
2483
7316
6675
5372
8001
1273
633
4350
2212
5098
3918
7867
5515
9825
7695
5017
2476
5873
7611
2969
5969
8927
8523
2996
3803
7730
9228
3393
5435
5085
2158
5311
5214
8285
3953
8235
340
980
1044
8374
7938
8581
9177
4014
5562
6067
5649
5538
153
6432
3721
6818
6206
585
6654
11
4343
5104
9604
1595
1052
8387
4561
5917
4778
9092
4631
4755
6277
2779
8540
8094
5658
923
8768
588
2369
5539
1473
587
9518
8044
717
3469
3914
3163
6282
4467
6270
7154
685
7871
8177
9192
91
106
7762
3656
6570
16
2286
1325
6053
357
9488
331
255
5053
1174
4856
2263
8404
9266
647
5012
4462
649
8634
3897
6013
256
6801
5983
4487
370
6668
844
9821
6062
5659
2008
7768
7389
8083
4415
7679
520
3388
1852
9412
7612
8224
7932
7191
4228
5733
6652
2743
8614
7659
1015
4135
6086
1232
1998
970
3103
5407
1888
5422
4674
7806
7505
9057
254
750
5151
8896
2864
1401
9319
8110
851
7306
7350
1110
7537
8638
630
8934
7830
1618
2343
5797
5049
6927
2537
8552
7860
6445
7911
9389
5132
5574
8486
305
965
2301
5073
911
4283
6402
7021
1297
829
3537
3612
4908
2787
6051
3165
9757
1657
8505
6693
2971
5413
1066
7525
4097
9467
5813
2408
9631
5125
7891
9912
8728
6846
8862
5901
9162
278
2980
724
4621
4828
418
9217
9058
2686
898
2894
936
7635
1009
1769
3779
1313
8564
7005
1077
3254
3042
2030
6437
3087
7376
2932
433
506
3341
3144
5111
609
7808
7562
1980
5880
1723
930
738
3347
5443
1470
3642
7283
7902
1550
5891
1981
5441
3507
6257
5403
9926
2307
2241
4825
2128
1833
7719
2886
2900
9908
7835
7715
7488
2043
1489
3538
6688
146
5289
8176
1352
1092
8069
9450
7504
9277
1766
354
2402
507
7036
2795
7646
7212
556
4285
285
4197
7221
8401
6358
7516
8589
3625
4445
7731
6744
8183
2352
5134
1478
4910
3158
2595
5390
9485
9865
8299
1417
3130
6858
5872
385
1949
3133
3359
5165
1359
5910
7285
1503
3121
3462
2970
1191
9634
9905
2591
8145
1424
5364
6746
9832
6499
3978
7029
9032
2061
4450
8794
7275
4669
5786
3296
4545
7857
3188
7603
6638
3921
8102
272
7248
1818
1552
1445
9762
6889
3269
1659
5216
6083
3404
9891
7815
1611
3040
5504
891
5905
2164
4839
1527
1918
9174
5449
7177
4325
7271
7740
5642
1128
7109
5700
778
7311
32
7301
342
9983
3519
2382
4171
9873
6899
4587
4516
7281
7205
7508
8740
292
9052
9993
4312
4307
6512
8254
7881
5154
9934
8246
6617
5425
4444
5644
8570
1500
1062
7432
2016
438
5600
3117
2893
23
7960
8687
9064
1259
7593
9476
8736
843
807
3947
975
5097
2498
822
4942
3923
1269
7228
7011
6141
8130
3628
476
2440
7735
5103
702
4108
1511
9416
9107
2279
1792
6951
4692
9112
7087
3707
1996
3800
6195
9654
4494
1225
5785
9751
3401
3712
1699
3084
3635
6478
985
9759
2332
2142
8907
4276
2346
2258
6541
8624
6919
3467
6639
4843
4003
7174
6404
9626
2154
1546
1504
457
6319
4326
3294
9038
4970
2968
4698
7832
9642
9985
3202
1090
9919
948
8656
1776
3514
3879
1487
6723
6031
4682
5476
7795
3323
6720
6685
8147
5809
1330
9446
7155
3653
2445
4883
4902
5199
4096
6863
2531
5889
4613
1862
7984
3326
7774
5007
8131
7313
4129
1754
8774
695
8153
3086
5674
6664
1169
9515
9455
6400
2579
3151
867
207
7672
3317
9834
8657
5189
582
4771
6495
9723
6419
2568
6597
8029
1288
9798
7879
4675
765
8918
8241
3969
1253
8468
2404
4646
8824
8675
2770
6939
131
9541
6928
101
1337
1270
37
4311
8910
6991
2316
7217
8190
4181
7019
3646
5656
2102
442
6401
7157
5567
5468
7478
5803
1886
6882
2280
9916
7253
1026
7873
9176
4271
5269
3629
2816
6125
9180
4247
6759
2671
7554
8911
5489
819
1794
51
6618
9506
8903
6295
2724
6047
4625
5087
3855
1187
606
8422
4363
9754
591
8220
2457
5816
2253
2889
9787
8915
2903
9863
5309
9111
1321
9365
2099
918
4775
1241
4060
4603
1161
7400
1378
6313
2349
2557
5172
9134
5308
6330
7424
7665
7270
4921
7971
8226
6238
3876
6446
9527
4165
7930
6970
9734
7265
1682
434
7952
8324
8524
9669
5957
8559
3549
1661
2453
252
2865
6090
976
7084
572
9392
6056
8023
9611
673
1689
700
6790
5517
1580
3079
6756
5751
2115
8762
9915
6740
8033
2792
7080
7905
1409
8357
6871
5483
4428
4422
6656
471
4460
6895
8449
4028
8813
5579
4409
2899
6776
5200
2793
3260
5622
521
5939
6320
2039
7343
8165
8553
5782
2863
9110
5307
5293
4128
426
9550
8593
197
490
9147
7053
2742
4645
7609
5764
2481
2925
477
4670
3692
9861
3724
6567
8376
6057
496
6772
8348
4454
3061
7
1538
9483
4652
386
2650
1567
9462
9814
6135
5048
339
5832
7413
9953
7919
8056
1715
583
200
1803
77
3942
2639
413
162
8998
2246
1844
68
631
1741
5140
6151
8833
488
608
1162
9247
690
624
166
5101
1642
1598
8297
1974
9037
1418
4746
1943
3190
3156
9430
99
1080
371
9380
8579
662
916
5473
3866
2153
2193
1795
7819
8545
2821
3492
5306
6521
3804
8554
9744
1581
5348
1929
3783
8965
3733
6164
6878
9328
3930
2984
4327
4762
2898
3780
2071
8444
4279
3474
703
6516
7497
7791
6902
9785
611
3824
229
3773
2070
5621
4767
6779
4437
4890
1533
538
6581
1176
4632
2194
6333
3853
3358
4761
6749
7766
9870
705
4987
800
6872
3529
5168
2616
5281
6286
9676
9305
4180
6278
2406
684
4324
9238
1959
2399
1380
9495
5294
8060
8140
8253
5033
3384
3187
4109
5152
8780
5410
8446
4677
3602
3261
4611
2303
6972
4510
7455
709
3613
2094
338
7077
6391
7429
8093
8379
4681
127
2431
6175
1814
6548
1145
4106
6022
5614
4002
2087
5692
5237
8191
8576
5645
8509
5518
1396
8596
3423
1984
7528
365
7937
4160
2396
4569
7558
1399
173
61
1650
7935
7610
7495
4348
3224
6117
4046
58
2484
4347
1436
7236
1342
2041
6099
9621
9356
997
2072
226
9043
6684
6729
1672
8352
3440
5090
7849
1229
9572
1233
6953
4222
511
6492
3845
7216
880
9279
3739
7743
2679
9381
2407
2232
2774
5080
3092
2967
30
9210
8845
446
6949
1388
6699
9551
2456
5911
6468
9739
9486
8912
7524
5187
6938
5415
2594
563
346
3600
8114
9538
3660
6962
5179
8819
5206
8077
921
775
9235
7341
3064
8626
528
485
3392
5628
6976
327
4857
7068
9738
8101
4036
9903
3584
2418
2489
4770
7107
4495
3301
9463
6527
6808
5262
8706
6362
5318
3264
5537
8986
5292
4126
7173
7920
5691
6856
5196
8889
143
1889
8458
3577
7320
5405
4664
3070
9095
1802
4530
5059
9342
9082
2416
1328
8699
458
6133
9188
1982
6508
7950
2619
607
804
2513
2250
9797
9362
3398
8048
401
1566
1410
3297
5856
5387
5288
5350
95
1003
3223
5709
2319
2810
2420
7690
8
1238
1223
3890
3795
5760
6948
8483
8855
3052
6689
5203
9405
2002
6265
9803
8973
4111
3858
6329
763
6984
536
1589
810
7821
1541
5528
190
8111
4058
6551
2261
4329
914
7418
8193
6833
7229
246
6869
9914
7677
7966
1011
6821
8719
8866
5310
799
1361
8000
1513
8202
1975
9569
8739
4626
6966
9253
3655
5581
5765
9606
1591
8582
7683
109
6111
4570
71
2959
7918
7748
3672
2181
5573
186
5324
9827
7186
5480
1308
6682
901
6891
2074
7161
1967
6388
9244
4571
2861
9618
44
4842
419
2297
8199
3568
3597
3631
6877
2106
5363
4024
6873
1012
5711
1960
1206
9213
2064
1335
1435
2055
3563
7379
4544
875
4038
1376
6323
4812
5590
8212
6279
7443
4871
7946
6020
7655
3591
33
2608
6092
9126
9116
5158
1134
3548
5284
8707
2843
802
265
846
6196
5384
5130
1124
8042
2293
4406
4906
5965
4032
3298
6880
9414
7755
1535
3695
5827
7392
7532
8843
4636
1819
1673
7402
3617
1557
9982
8654
2732
5300
1248
3249
2602
5754
4791
21
7371
6160
5955
281
7977
7642
5685
915
1835
4757
1158
5485
4729
84
3377
3736
3065
4959
5825
7741
304
8511
8695
6687
8136
8100
5958
8732
6131
6806
1828
7020
8691
9473
3750
9615
8026
4007
2199
1347
1055
9348
3589
4622
4069
599
9295
4562
8709
4526
8305
3140
8906
1276
6849
215
8584
8510
4734
3439
4967
540
9283
3114
498
6968
6997
8503
6734
5529
2444
567
8901
9555
8797
6751
8079
319
6558
6487
3694
6667
8929
7571
2112
104
1837
8169
7736
6645
4305
8917
4055
179
7540
9304
335
4319
4194
9651
4502
6396
4316
4424
1135
2376
4365
2780
913
8777
5055
276
7942
1576
8890
7325
5646
8567
6096
4686
3838
3614
7071
1222
5287
6715
5126
7009
8608
3691
4629
3110
1683
5148
1968
7707
7066
1482
4122
6383
2228
417
3896
4939
6159
5966
364
2720
9321
1826
714
6011
3521
1958
9474
4170
9999
1891
1061
600
817
1450
2298
50
8725
1375
1708
6868
3310
2895
9137
1289
4342
1049
437
9221
1870
2901
1137
1175
8841
8963
2872
3882
3285
1962
874
2714
4891
7533
2162
6575
2482
2684
4116
626
8059
8649
3676
3050
9062
539
8575
4816
6343
8831
3311
6081
7319
736
1107
9679
6087
3555
6245
924
677
7969
6318
5335
9123
9682
9234
321
5462
1064
5143
5595
858
6408
1125
8298
1370
6738
9509
2532
3540
7515
8019
9656
6486
158
1582
3754
3508
8775
8569
2935
8052
4195
6549
5360
9284
4707
7476
5339
1331
4236
8251
1641
8630
6753
7865
5802
8686
7251
7290
1804
8943
2687
6826
5929
9680
8345
4123
8126
7134
4008
5036
5243
1525
8391
5386
719
4974
5487
5513
2874
9722
8272
3623
7590
7203
5442
6780
4429
9143
9183
1096
1786
4268
2045
6183
4447
7726
2054
1438
1327
6722
9946
9203
7745
5149
8708
3253
9435
3778
8252
4376
4824
8248
9341
2242
2973
7797
9895
988
3236
8172
6680
8484
4185
8955
2560
6894
5967
9743
1236
9049
7207
849
9404
3219
638
4280
8244
4602
820
8974
7750
5748
9652
2960
1318
5373
4423
5626
445
9119
8549
854
372
984
3476
9539
3606
8868
4015
9889
2113
8028
2937
8075
253
1368
9419
9288
8349
462
697
5252
4059
3444
5818
4725
5169
5796
2497
4618
1548
9961
2662
6641
3143
1831
9225
9318
3019
8405
2647
3022
3703
9791
8063
6474
3562
6559
9269
245
6221
1416
7778
1021
7194
9109
2760
6663
3232
7181
6481
3408
3166
125
3080
4084
9498
7083
4888
6252
6546
3485
5781
3470
4335
2884
3112
7664
3091
5248
7434
5667
3948
2665
2978
4849
5620
966
3732
2561
5444
7078
9643
5275
7900
4845
6815
3457
7374
9807
242
4887
6005
2294
6386
3636
3267
2313
1873
4784
7052
1479
925
9578
6536
6448
9373
524
6464
3376
2728
6979
5900
7982
7555
4237
9323
2009
4583
2038
8652
4302
4231
6070
7312
6650
45
3709
9400
904
1512
7572
4928
2310
8454
176
6773
8712
8527
3078
9584
5412
3106
6387
1492
1846
6784
7544
5923
2574
7897
4050
3848
2448
6905
7241
7581
6243
4004
1263
3113
4063
5994
4027
455
4124
2776
3379
2632
4301
8467
6098
7846
8888
9449
1239
6398
8354
8916
4704
2318
6019
7122
2696
8159
4717
4199
1013
7589
634
2090
4287
9589
1127
6381
328
9422
2649
4945
2207
3580
8902
447
7419
2344
1963
5839
8532
4506
9997
5843
6299
752
559
4407
8203
8879
1258
3488
8247
2916
8451
5571
3181
8959
7713
3123
3873
1937
7358
3506
7910
147
2435
6930
8601
4075
2907
7484
964
2746
1787
8591
3248
6775
5680
5414
2185
5116
6235
852
2822
6472
9211
2381
8259
4242
4598
7027
9088
1600
178
6612
4715
7519
5174
760
9548
2997
3316
9115
7776
4538
523
9024
8175
9857
406
850
8637
2584
5142
4661
5877
5772
149
6470
4867
2143
856
2741
206
6444
937
670
7705
900
6107
7430
2826
2745
9148
3807
1413
3808
5609
4866
6623
4178
8286
5164
4831
1188
380
5824
3837
6414
8157
1156
5851
4346
8504
7337
4221
7769
3764
6149
7158
188
1153
2156
6435
303
8809
7979
4702
3170
5953
809
9800
5526
9069
3883
942
136
6707
341
1908
5408
1989
4997
2127
9196
3168
5076
3437
5597
3001
1964
8874
771
5866
3451
157
3208
7591
3520
7214
4390
5458
2709
4010
9692
4966
2965
5627
7120
3105
4904
5432
3913
5191
4408
3857
425
2939
1292
6671
7147
8655
5793
9087
6576
1286
6563
9571
9226
2659
7070
6418
9645
7035
359
3308
586
1790
4821
482
5677
6945
4298
1755
6584
9809
8894
6631
6608
3790
3687
7893
2049
3076
8627
3363
1014
4229
7164
4088
467
3116
1953
6342
2425
1784
7568
8231
2600
6595
4807
3210
9055
4753
6929
3751
2887
7435
5001
2123
5512
7441
7364
8922
576
3357
8786
8956
1083
5852
9248
5470
8003
4042
635
1207
6943
3374
3436
5276
9040
2044
3090
10
3932
6129
4411
879
7179
2174
7387
6750
6836
2750
3247
5273
2413
3809
3769
9445
4377
9920
6230
4089
4130
5014
3122
4833
5588
1634
9877
8009
1475
8429
7063
1384
6799
2923
6359
5944
9444
3678
402
8913
9108
8390
3489
8310
7183
679
7244
4875
8032
7836
3541
2110
6469
440
4944
7403
8679
2121
5278
4911
9004
2682
2025
4294
5585
7112
8650
5131
5741
5029
2042
3465
5805
8726
8937
5371
7466
5675
4765
9970
1931
7131
7894
2327
1899
9579
145
6500
6989
6554
8228
9987
1068
7921
9497
8507
5961
4564
3744
7431
2877
7864
3515
3161
9944
968
2204
598
9001
8065
4766
6483
4441
4950
9060
9394
2737
9933
5998
7682
5823
6676
9684
5846
6130
14
6791
1573
510
7238
1609
2024
6804
4522
6942
6628
1000
9718
2196
3806
2229
9750
1709
2302
2225
6935
6708
1264
2738
509
6102
4640
1637
4187
4150
8149
7643
3255
5972
3175
4431
6594
8821
4575
9562
7222
2019
9720
7218
873
9804
4105
2388
5530
3434
2067
7000
3217
8946
4433
6397
1684
399
4933
8642
424
811
5723
3607
249
8478
3817
8182
9564
7208
7845
8257
4493
259
489
132
8716
6433
4810
1615
8167
9075
8518
1608
8368
2410
7397
2987
4151
8242
6820
3218
2380
9623
9447
3531
9420
8073
4719
5127
7382
5987
9465
9307
9924
1051
7401
4226
9311
6596
2011
7467
8192
9157
2172
8541
9201
6000
451
2681
6600
4568
5922
2120
2954
6380
1420
958
5333
3171
9315
5909
4582
2855
4155
9375
5703
150
4504
1467
9513
5254
1698
2117
7114
9632
4073
699
4391
7469
5042
4852
2430
3986
430
836
9782
7100
9545
5580
5183
9438
5586
5532
1565
6924
280
7498
8643
7187
5338
5463
4508
821
4657
2941
1911
7816
794
9268
6519
8365
5830
8129
6065
6273
5608
4534
6155
5193
9705
2841
9898
6592
1231
5712
9735
9005
749
7032
7257
3899
2524
1447
7770
348
4539
422
8197
4152
3970
897
3035
9904
6537
5028
4783
2508
1488
3939
7934
8604
7582
2335
2278
889
8053
8990
3968
9717
291
6145
7474
8173
6981
4071
1287
8733
8215
1560
3640
549
7929
5238
5834
5242
2098
1965
9249
5859
2613
4907
7199
6389
994
6293
7701
8139
2317
2832
4990
6479
1850
2533
3766
532
294
2510
4870
6308
1142
4125
3996
5945
7928
6556
2924
9260
6059
6460
3496
8999
4514
1364
5952
5501
2274
330
847
4159
3665
1518
5795
8369
9796
6633
221
6212
8771
2405
2617
7256
2842
2829
3501
168
7391
8099
5457
76
4212
3659
7423
1208
8216
7197
2437
4937
4214
9460
8623
6649
1221
9440
788
9216
6758
8996
2674
7650
6847
9698
8799
2759
5445
5690
9810
6201
5354
8290
8135
9769
353
7527
9053
5623
6185
448
3583
7608
5056
7099
3320
8851
6454
3238
373
8741
2888
8905
8402
88
5495
3472
877
2321
177
167
4267
1629
8792
7115
723
4627
8948
9745
1578
3453
3361
8010
6120
3713
3435
5903
5040
60
6095
5871
8613
3951
2155
4749
1271
1691
512
7264
8340
1898
7989
4882
428
4094
4898
1386
8133
6345
3062
423
5064
1877
1540
1344
1164
8409
6560
5072
6197
1777
906
9917
6190
701
5899
7093
151
3878
4694
996
5006
7702
6598
2827
3954
67
3975
2704
2858
6677
2134
993
3194
3981
8201
2495
5746
6926
6034
7993
8456
7948
4310
4256
1951
3477
1069
5592
9818
4600
5770
9601
5491
7875
4016
4630
6497
9984
7481
1491
2712
7082
601
5763
4932
7573
8724
2962
4120
667
2270
3944
3526
2517
1768
2685
2799
1742
1553
8783
955
7793
2403
5833
3246
1283
7674
939
7030
9178
7279
5434
3169
4957
2813
543
3265
4689
7962
8055
4039
3153
2605
8334
8217
7399
9614
8471
9403
868
8392
6406
6427
7098
6917
3216
6523
1377
1993
1575
7601
7156
8426
2920
8759
7338
4531
1319
8353
6678
3368
1648
3245
5934
4998
5869
3196
5209
2620
4062
3309
3346
6373
7728
8616
1744
554
7784
6027
9511
1836
4289
6813
1515
4616
1415
9208
7917
181
6228
1326
9996
2198
8743
8971
9763
4288
4881
3036
4309
69
3885
6831
9596
9613
3910
6181
6965
6568
6829
5499
2753
7324
9978
7974
4744
7853
5870
352
6609
6973
1643
5906
2012
5835
7805
8611
5759
1845
4732
1054
5566
9673
8393
1053
5137
113
1854
5326
2881
8854
3740
827
3007
9197
8096
7116
3330
3590
5212
8389
3141
5058
4439
209
4551
9312
6063
5358
2192
5941
9667
5672
6054
2018
7130
4200
5788
4834
3616
9263
1763
2342
3816
782
3095
5436
470
1940
355
4809
8355
8653
2248
7278
4017
4475
1041
5051
4061
9361
8754
1079
7086
2950
4540
6467
3324
7025
2432
9945
5416
963
8711
8664
2340
8366
9697
818
1701
7354
7823
7303
7237
7614
2366
3427
4854
1455
1157
1100
4416
2165
8206
6305
9688
9876
1930
4594
1838
2808
7678
4557
6642
8519
9633
779
2284
5662
8074
7663
6505
6539
8796
1860
3647
8492
7926
7651
8571
2442
8795
5388
7223
2525
8954
7997
2819
5974
6058
9335
8072
6602
6547
1381
9640
5251
5591
7153
2762
8017
3504
6161
4318
5557
8629
3872
6901
8455
9864
9308
4358
3757
3839
2735
8343
7462
4033
5745
2017
2610
3904
2337
9056
594
8350
6990
5423
3666
962
9533
9583
9344
7848
4262
1950
7252
7978
1032
1722
5631
1616
7725
1905
7883
3486
3442
2854
9345
2364
888
25
7062
3861
1631
8162
761
8398
6037
6208
7159
4995
4366
6897
2622
7654
2068
9346
2281
5440
2503
3915
2824
8595
9702
8263
6143
1785
848
1437
4386
5032
8347
7623
1926
1861
1614
8035
1674
9492
7121
7003
5665
6606
1346
397
93
503
4751
6392
9655
8988
123
741
9532
9629
8886
7210
8232
2991
9845
8784
4709
2631
8300
8960
6898
1351
248
6456
8568
171
110
1563
7619
4537
156
2438
5005
8240
8864
513
5226
4897
1700
5725
2173
436
8991
3067
4202
6261
8742
8964
6138
8108
8980
405
2809
5936
7810
6647
184
4323
4246
2693
9547
3570
6410
3875
7775
163
5155
2836
1495
9965
8361
7370
1920
3587
4300
7680
578
5999
3023
6797
9637
487
1620
9395
347
1010
2092
5540
3805
1392
9529
9502
4034
7999
7839
8116
9130
1718
1757
1526
6800
2421
7113
7569
5249
1506
3912
1372
2637
7863
9120
6390
2206
1136
5382
3332
3004
2506
2050
7057
3979
4254
4752
5826
3579
5916
7178
8329
7973
6995
5789
767
7812
547
8688
5173
4524
7718
3785
4401
7788
9436
6268
2260
9194
9352
9556
1827
4999
9802
5705
2814
2176
2911
689
542
8859
6672
2922
9008
7396
6994
6242
7922
7040
4747
1841
1697
2716
3671
9771
9853
1721
4235
4699
3193
78
6025
6788
6766
8525
2708
9878
2171
1189
2138
6510
9685
832
3534
1477
5477
9118
5702
260
4737
1453
5279
1728
4663
7847
8763
3003
376
8778
7465
4724
5861
1714
449
9817
1547
8399
8752
82
8750
6832
595
4299
1357
9390
5930
3015
3429
5024
6132
8856
8748
4331
772
5948
8081
1298
6210
5437
6764
5619
1961
9150
1935
6029
6167
1808
1345
301
3402
3068
8406
4361
7422
4451
8195
8942
8760
7477
8211
6222
4697
9742
9469
4794
4284
94
2511
8640
9382
3222
2914
6038
833
6796
2703
6459
5398
3988
2347
7123
2666
722
7996
5043
682
2751
3312
20
409
1903
7964
9869
4513
6271
7539
1159
4879
7859
6416
3720
9031
3567
1058
3464
9331
4972
7135
7746
3864
2702
5534
7584
7195
6260
3886
4958
2535
135
2454
4192
6724
8632
3826
8966
2170
1781
998
1108
4227
3652
5128
9386
2982
8045
9478
1932
3670
40
2177
7407
9733
9048
5257
1019
7322
5508
9661
4115
3688
3657
7317
2287
885
3448
3461
9911
1178
6798
1334
9426
1675
8238
622
9254
9969
2713
3852
7328
6144
639
1651
2761
8884
223
1693
961
6589
6263
5236
170
3471
8425
8308
309
3903
8502
9906
8030
7671
9992
7369
8138
8599
7756
8674
5260
3258
1006
4398
5976
8840
3198
5850
1692
2830
6718
2955
6853
2577
4813
4782
4787
8067
632
6837
6219
7551
1809
6382
3011
6424
2200
1520
7670
7949
4590
9432
7943
8303
2589
1101
8021
1042
2119
1171
5217
8676
4541
1073
7882
2125
5744
6728
1209
7299
6356
3493
7781
9588
1452
1179
5347
9866
6055
2952
6533
5467
1395
7976
8766
3965
3922
9537
1421
8697
3446
2933
621
7904
977
6703
5431
1150
2493
5365
3409
6572
9568
9250
9746
5344
2555
2424
1758
2817
3917
3083
3931
3844
2551
3586
7165
4722
4796
5986
9285
6106
713
9041
8765
7101
3888
5315
3722
8670
3815
1336
6434
2487
3572
6216
7390
6411
3397
2936
4665
3594
6651
1853
1670
3649
987
1944
7090
8924
5451
3043
805
5322
9521
7075
115
8496
6950
9519
7546
9002
9393
2277
6465
5133
8547
3967
7824
4047
24
2169
6816
6178
3544
3902
9542
7345
7386
5817
8317
8782
5814
3648
9553
2079
9765
6376
3569
6105
5689
4703
5215
1367
6573
42
4173
7004
7352
6635
934
8068
2786
8665
1913
1194
6841
7841
5804
9663
5525
4781
6854
6793
4481
1293
214
755
218
6367
4385
1163
9770
49
9427
8208
1820
6730
2219
6679
1622
8703
5334
7661
6874
7420
6690
7103
4917
2355
4884
972
4573
4574
5990
8058
845
1966
2596
7226
3336
7586
6223
9078
2516
4696
6399
7684
815
5359
7375
4463
2086
134
9313
8320
6501
4975
1830
3018
9777
3276
2739
5202
8335
5792
7761
5848
2974
7889
5546
9464
3387
1160
3273
2947
6269
2690
3314
1885
7414
4790
3832
4814
9967
1717
2625
548
293
831
3066
6879
191
8508
2499
8982
2010
1291
5669
4190
2197
8155
4548
8710
5913
5317
3209
7765
7809
4678
7673
9711
4474
1780
9628
5453
6601
1220
501
5424
7287
5968
6113
5605
4874
8858
9332
8951
6823
9015
8128
271
3211
5207
3758
6706
7315
343
6805
6577
5078
3182
1131
5409
4082
8479
837
2879
26
1122
4381
9703
6475
4923
6660
90
8423
9696
7204
3927
2233
2139
8993
3906
9836
9190
6607
8871
2236
4731
7727
9525
4435
9189
527
3634
5863
4862
2003
3825
5738
8036
1349
6733
4251
217
8925
6156
9534
2562
7779
8223
8615
7049
7878
6204
6524
6097
8473
5224
1371
8152
655
2330
6630
773
3335
571
1839
6896
1094
5762
6582
2357
4668
1103
7970
7760
8625
9167
3850
454
7367
7777
9675
5721
1056
1799
9320
4255
3383
3755
5299
9565
7561
1316
9773
6956
3690
8151
894
4925
4430
5717
3974
5668
7446
7923
5558
1902
795
3229
7448
9322
2811
7521
4654
1200
4588
3811
8250
5895
47
2462
8899
6357
8433
943
8330
3006
8339
6361
1653
5550
3650
2210
7721
269
3926
1543
3638
9383
7144
5810
5089
2288
9902
920
2334
5389
3791
5617
5108
3421
8283
3164
1590
4650
7751
7953
8597
7460
1324
6325
7576
4846
1499
9794
3711
5394
7811
6747
3893
823
5715
8061
9677
1646
2556
1772
7757
619
4270
9020
5068
2324
4936
1339
7310
6043
9310
7067
155
8234
3125
5050
9822
7456
9789
7560
2095
5367
7804
5687
7124
644
7366
2540
3373
9251
3458
6933
9907
8092
7395
933
1912
483
7274
31
3124
932
5291
481
3104
7334
9083
6712
1678
3174
7421
7957
9185
3226
435
8158
9133
7503
8521
8378
420
7559
4949
3767
5427
9528
9665
1356
2844
1265
6822
4337
3710
3959
7542
1536
9823
5356
3263
8776
1632
743
9290
1798
8534
2150
1037
1099
3185
6439
9670
5742
8205
5547
8438
917
1821
4601
3911
2047
8958
3456
4713
7061
7945
3842
3963
4344
7826
5109
228
3741
4269
1729
3675
6314
8062
5113
2314
3
2325
9398
8603
9286
2322
4855
6353
9552
5166
9138
2689
4639
2744
4712
7951
3422
1765
8218
5466
643
2379
6852
3454
7215
990
6116
2295
4275
8753
553
3257
8822
9844
277
9278
8538
5992
1662
5787
9325
1141
1075
8041
6830
4138
9367
5973
3228
1113
4851
1002
5602
6518
2896
4733
718
6429
9187
9487
1551
9258
4563
7965
4520
2305
6890
3167
3290
286
8578
6163
1574
443
9085
3604
7602
4982
4780
973
2167
1429
6768
8533
8236
3362
1621
5374
3197
7628
175
6842
8644
9624
8428
4610
6162
1426
4880
9806
6298
5919
6355
3242
1461
9761
5361
5266
5984
9206
9938
9003
785
3307
9856
192
87
5498
9660
5737
7050
1866
3243
6413
2783
7254
9885
5932
1559
3108
2455
3950
4153
3753
2798
1170
9028
4158
2275
5205
8606
739
2638
1767
2434
7452
3679
4005
629
4395
1972
5261
2368
5274
665
4243
1625
9540
2290
7686
8499
9429
9894
1743
6739
3044
5240
6485
4021
4118
5855
882
8070
3192
6259
2234
9121
2654
766
7912
351
6214
7163
3354
74
892
613
6198
6494
243
9276
8315
565
2566
1948
6865
971
4249
1534
8004
4565
653
4099
5161
9246
7939
1779
1501
8717
4396
6287
138
2414
9672
7687
2146
7142
4182
1466
3958
120
3874
3840
1666
244
2140
6341
6462
2235
8430
5829
2056
9922
8873
3961
3615
3034
360
1023
8944
3854
842
5962
3643
5404
7700
3455
6247
1774
8827
75
4049
9929
8949
8536
3283
1425
4452
6369
826
9433
9940
866
1140
3447
2433
1639
3045
6248
1405
3972
5081
2833
8294
6742
8785
8921
7425
4220
3147
9649
3343
3292
2942
8537
2189
1267
4823
9324
2423
2084
7152
7347
2998
3305
4858
111
4278
5970
3860
7298
9587
3128
9292
8605
6934
1362
6550
1143
5599
3227
5046
2451
3730
7380
2862
616
3009
4885
7980
7170
5882
4840
9599
1034
4367
3909
2122
8772
9874
3729
2640
6184
4992
6886
142
9752
9034
4306
4838
3654
6447
1954
1624
3252
4683
6613
3718
1144
6610
3759
8437
2178
8669
4261
9071
1663
497
4191
1205
4589
4330
1098
3762
7349
2460
9691
5429
9820
1260
2262
905
696
2168
3901
2065
3150
9923
5959
5593
9437
8371
8633
7042
7464
5926
1177
3603
1294
7406
2066
5853
7606
4354
1419
2214
1502
1114
7833
9030
2100
4322
5385
4480
864
52
9524
5421
2764
4521
8230
3418
9709
4174
2565
6861
8666
9441
4710
5428
2564
1089
6531
4829
165
1753
8107
1635
6064
5553
8992
8588
6103
8681
3991
1262
4273
7604
3774
9366
4808
5535
8012
6363
4057
5313
9851
394
7126
6052
5496
2188
8587
1876
4714
296
2015
8865
6455
9161
9690
17
6015
2073
8558
4110
9144
2661
4769
6443
4163
1497
8880
7669
8112
1106
2857
1810
5446
648
3331
9359
728
9270
1893
5296
1195
7570
8385
6757
4362
4166
3877
9714
6544
3077
5063
681
4581
318
2788
3949
1397
8118
7064
1093
2805
7139
3266
721
7652
1301
5486
9980
1900
9854
8818
4304
6762
3748
1604
7393
5940
9625
8447
2299
2658
6169
5991
2635
4789
1441
8802
6908
57
3413
8735
1358
8178
7535
1761
8413
8415
5439
1192
3364
9881
5618
6787
5831
5057
6331
5065
148
8621
6907
8646
4090
4006
6851
1823
4157
238
7094
8900
9417
2300
4360
2628
2131
2818
8168
8526
3213
7829
8424
9237
2093
164
3365
1360
4918
4114
9658
5272
6648
6281
9391
534
429
6140
5156
3763
7348
5283
2264
4030
6315
9079
9559
5647
2136
7327
6251
4264
1311
5229
518
2238
9727
7444
4142
1702
7472
3205
1414
416
4078
3189
5902
5639
8040
3956
472
3557
2515
886
6922
8185
2576
9252
350
7739
9941
5402
1985
1155
4804
1671
2394
9726
9371
3867
8893
7342
5686
5896
4184
2422
2926
5651
9061
1987
2082
6292
8482
5570
9231
1596
7908
3013
9195
2088
5633
6555
3028
4901
1890
3118
2583
5648
9415
9408
392
5247
4374
9127
5079
9343
8715
9607
63
5502
5122
7296
2474
5357
7427
5235
8018
2569
8417
5841
1680
8288
4117
4962
8968
9603
9725
8013
129
1111
9054
9516
7129
6026
9570
2953
8222
9181
1237
379
7408
2763
2182
1390
7565
8919
4469
7724
1317
8648
3463
9401
8156
4345
4465
9867
8696
9128
5493
3235
6104
3999
678
3626
6988
698
2882
3545
9172
4140
4764
4528
3782
1703
1676
5604
6174
5887
2725
5352
5095
5454
893
4711
2032
7482
7972
3533
7861
5860
7012
838
7531
514
8450
5907
3233
1379
1070
4708
4418
6669
5340
9805
1879
8037
499
2643
9566
7520
1458
3599
2273
7463
9363
5150
1407
8972
55
1045
7994
7428
2636
8443
6453
4292
5190
9619
2815
1393
8333
7405
9990
5319
2400
7002
757
7323
825
7132
1910
8427
4509
9960
2667
5956
7828
4375
2587
3452
1428
1172
5510
4368
5107
3518
2159
545
4338
1597
7176
8779
6012
5854
2590
8904
2257
4064
2268
2544
7058
5497
8436
9620
7901
835
3328
4768
5479
268
2227
3528
6207
6571
3239
5345
2850
6490
3936
2507
1008
5615
9451
1843
5821
5545
2904
9011
2398
5641
325
66
6491
5246
5565
5100
3146
7377
878
5885
5660
593
8734
4476
121
432
6514
4223
1250
6985
459
6262
4092
4161
620
4859
1864
8975
3378
5576
4449
5541
8289
8770
6838
1247
9886
1422
2077
7013
1281
7820
1471
9816
3610
5551
5883
6339
3925
2201
7037
7507
8544
5577
9520
378
6812
6337
2129
2490
4490
7818
1275
7105
5514
9862
522
6579
746
1451
8857
5159
6921
8117
3957
2699
2691
8440
9199
7575
2372
8394
2782
8457
2979
7489
4529
6941
5752
5220
5977
1793
4624
8926
5718
8407
2721
7108
669
1521
196
2789
5996
5258
7146
7304
1988
1374
1857
2548
5949
160
9051
3776
8987
9567
6511
5223
324
9610
9732
4482
2180
573
8420
5026
3946
4397
9396
6224
2311
663
2472
7339
1561
9
9963
8989
1978
2928
9890
2417
1185
2443
10000
9792
2328
5561
2509
9169
5548
3288
7480
9871
3622
9411
2670
444
686
1759
5145
2897
9193
1227
1138
7538
8714
5233
1086
6179
6297
8091
210
384
8327
8270
3415
2226
8262
315
4412
6850
4989
6154
1278
1312
9275
5578
2663
4241
3058
5704
7941
5524
1065
5419
5971
3416
3302
2354
70
3596
4662
6407
5175
6040
8702
9065
1251
8181
6781
2777
3405
6294
9859
3952
7637
2186
2109
7510
2029
6522
9582
5013
1995
7454
356
3836
9925
7453
4653
9101
4399
9154
2785
6368
1481
4018
8227
1249
3717
7426
9815
5464
1338
366
9510
5271
9468
7703
7079
2989
5255
7355
3869
4213
5503
1907
7010
861
4328
9105
2390
7231
284
935
7458
1243
3360
9526
2075
8120
7384
7956
5011
3726
9016
6202
3466
887
2852
8548
3491
2083
6431
7896
4145
2718
5234
8895
9644
2588
8967
5632
8011
9950
4488
2949
1210
3109
4546
6284
6016
2717
3745
9145
1626
5828
263
3943
6233
8161
2653
7615
4946
2700
2101
7288
5575
7676
1897
9222
6883
4599
2267
4380
7699
6170
1556
3275
726
6050
7171
1343
4333
4672
2652
3280
5554
8877
22
8556
2269
3551
6535
5612
1771
8495
5008
5301
4205
4186
6041
3241
1149
1872
8115
4820
708
1060
9943
5505
8844
6060
3468
6225
8051
187
902
4660
2683
7245
6348
5849
302
1894
2033
2137
2963
4419
808
5975
6049
628
4459
8761
8718
1305
3781
312
9184
3662
6534
1901
3542
515
6114
2215
6794
787
8160
4738
1572
8239
3992
1587
4372
4076
5184
5459
4420
2669
2501
6001
7752
6227
4863
1712
9299
8512
9811
9484
8465
3277
2034
5341
6310
1440
2711
3849
9104
7771
3684
5791
3430
2450
201
7038
6254
5401
6944
8312
7851
237
8700
9122
9300
5893
6177
6993
1146
3828
3027
3663
5867
4107
1623
7854
2597
6344
279
1807
8472
2014
3995
2773
4873
9724
8562
3160
8658
3503
7843
5069
9357
27
9013
922
712
1710
5160
5037
9994
3056
1017
7346
4133
2091
43
5582
947
2063
7557
2573
951
5914
7445
1120
7710
6234
3793
4253
3846
4774
7263
2000
7307
5988
784
6691
9271
2251
9273
4320
550
1480
8314
720
6024
671
8154
9173
2384
6855
6482
3535
2646
3051
4938
533
12
9093
706
5652
2549
5115
4426
5004
5135
332
1296
6859
4296
1007
1647
551
7855
9575
5484
410
4144
1485
7772
62
9370
2469
1443
4580
3176
6967
5706
734
5180
3101
5492
3571
9646
6903
694
7140
9712
2835
2320
5724
9930
7133
2377
5009
5879
7653
2543
5045
9376
1246
9954
824
6014
7260
2767
3835
6088
9563
4295
9397
3664
3407
3063
2348
6561
334
8565
5084
1880
999
570
9494
7647
9191
9431
1115
3798
5938
5038
1211
6371
3682
1789
579
7137
525
7092
7409
5947
5265
3085
7613
5099
6303
7798
8811
2825
5494
3742
2035
8382
2618
5625
4257
3898
7657
8861
4900
8386
9129
3207
3983
2520
6351
6266
9887
8207
2118
1139
274
4258
9262
3295
3550
1934
8746
5800
8938
676
5771
240
9872
9282
6137
8477
2037
688
317
8639
6681
7261
4651
3400
9106
1824
8448
6983
9503
6203
2870
5096
1486
3770
4507
5865
4536
4196
9504
3195
6306
1151
8287
5003
5377
7468
5653
2218
9786
7014
7184
6075
3115
118
4527
2765
2552
4384
2315
7630
4567
9507
4889
9653
1039
9657
6717
5474
6992
2930
5120
9784
9828
3820
605
5511
9372
1353
4489
716
6761
6893
6463
7579
9972
5034
6422
7814
9512
3391
8225
9974
7188
4029
2466
7314
2393
9336
270
4188
1444
6986
6322
7764
727
9561
4353
8788
6736
3480
3148
6946
1919
8535
797
5794
116
5963
3945
6731
453
54
3632
3138
577
2175
7759
7060
859
7473
2719
5092
1999
574
1341
6200
6817
2726
1806
2634
1588
236
2439
5002
4634
5716
8839
1986
7744
2748
4121
7913
4943
4203
6061
322
9457
2514
6264
7645
2485
8370
1599
1303
9159
1193
1310
1459
2912
2249
9995
3033
9207
9884
2812
3017
1272
3892
2757
4349
7594
3199
3868
1126
674
3847
1605
640
6349
2905
7872
8264
5756
7807
3788
6732
6484
5461
7550
5950
8377
2028
3630
3731
5616
9829
3372
1869
2048
786
4456
9918
480
8325
6716
1279
6593
3420
3093
6585
8381
1484
3432
9932
8445
5636
6614
9103
9868
7404
3794
8039
9471
6674
8332
7209
3337
992
287
8106
456
140
8744
8210
9546
9991
6809
1285
4592
8485
4232
2157
6695
4239
1568
1613
6782
3338
4826
5732
7862
6909
8396
6246
2558
9152
2005
6039
1667
7629
5232
9573
6394
8660
5509
1822
6999
18
5989
5397
4525
1921
8080
4952
9019
1542
589
5117
2530
1282
1752
8522
9010
3394
4688
7220
8618
7866
9957
1046
2972
7007
2542
4313
8419
2977
8476
6074
6774
266
7799
967
6316
4035
6936
7907
4552
3278
3173
374
4865
7783
6127
9758
3924
596
6726
3743
1825
7044
6528
4453
6574
8984
9296
261
4501
1025
6998
3738
4633
883
2105
4143
1740
3955
3700
812
1811
198
3719
9023
6335
7470
863
2603
3993
8837
1990
5478
6540
6244
4903
8583
1398
4739
7267
6007
7051
2909
7500
4100
7286
2116
1022
8513
6276
3554
9544
6008
5943
6542
3500
1366
3484
7096
8090
7711
6275
1382
2917
2359
500
5610
944
7625
2339
2831
8791
9100
3274
8722
4788
5611
6565
8337
1498
3651
6030
3030
6240
9142
1235
212
1234
8892
7767
1863
2839
8590
1871
1214
2089
1638
4355
6150
4265
3441
1584
9158
5908
7353
5755
4953
6239
1087
7227
7490
1762
3149
6147
2329
3154
3119
9156
1119
1024
6128
6954
9517
9339
9955
4371
4091
307
1892
7548
2931
5811
7028
4216
4470
6964
9239
8316
4919
4978
8020
1530
4156
2908
8179
9364
8200
4835
4392
6428
6191
7599
4750
8214
7487
7640
1165
6978
860
1606
9418
4612
5912
7675
2103
5820
7592
4960
4736
103
7273
8668
756
1884
6112
169
333
2464
6018
9830
6089
19
7272
2993
5572
5351
8463
5925
2479
4297
5890
7681
9788
5022
3714
1494
1586
9554
7692
5471
1348
267
4815
6875
56
1883
9099
8586
2184
6586
4468
581
4550
6578
7990
8326
7211
1570
2559
2361
2878
3145
6176
1904
9102
4961
377
9399
4806
9958
1529
710
8976
5277
7200
7605
5041
8279
4485
8025
6458
3370
3012
9407
300
8014
4542
2145
9036
7877
9500
4947
9482
8914
4248
5337
654
9287
8846
969
5222
9716
1749
4009
6073
4984
2624
6124
4515
9387
1750
5060
7398
6283
8941
3605
1323
8935
2363
9591
3576
5766
5897
5734
5980
9627
2496
86
8024
8323
1874
6996
1219
3977
3777
8439
8150
1633
6370
2114
7166
2494
3966
5147
5838
5678
185
9045
8680
5682
6955
657
4638
1383
8909
3574
4
7827
744
9067
8031
7597
4148
857
5507
5635
5564
8038
9801
1878
9094
4080
9151
3810
3049
960
8271
7800
1946
4792
7069
5598
6885
7024
2592
7145
4373
4759
6364
6395
1180
5937
2988
8610
1020
7511
4484
395
2461
7729
1084
5876
6634
3624
8008
789
6032
297
9840
672
9454
8961
1737
9443
8539
8808
9182
3157
4250
6696
9501
5523
3155
3990
6094
7041
6493
3802
7786
6884
404
8363
2365
625
4443
5607
8694
3031
6931
5327
6659
5083
6755
6658
2929
9892
2868
8789
3560
949
9026
7089
6785
7955
7182
4981
6409
5924
4635
871
4317
8313
7607
4836
8787
4983
6789
3291
4985
983
1252
174
1468
5052
8258
9689
7834
6423
2611
791
9200
273
2395
126
1212
4860
8054
529
2630
3895
9812
5661
2240
4773
8171
4895
316
97
6046
5400
4642
5218
6506
2729
6028
8469
6069
3765
7180
1649
9843
3386
9297
9662
3135
9170
4440
6839
8876
1505
8466
2823
1067
2367
282
9068
1909
8491
7361
2715
5297
3756
4915
3728
9452
1707
3735
4414
208
896
8143
289
2915
3244
2046
8828
2840
7385
9852
5054
9135
5488
8506
7018
219
8585
8243
161
2538
5406
7903
745
7708
1936
2304
1730
7284
6442
3822
9641
1290
2371
4341
8071
189
9202
3502
6194
2749
9132
3746
4112
2512
6365
1601
8619
4579
5455
7790
2111
3120
1483
8952
6721
8221
8550
4102
8373
3870
2655
3933
7202
7189
275
3271
6725
5500
8344
7291
6290
8701
337
3834
2883
5799
1751
9044
1711
2470
8213
9730
122
4448
6636
2846
8936
194
3060
98
929
4577
8689
9175
9490
1508
1955
9755
2722
1036
8134
2397
38
3559
1969
7459
3889
6918
1660
1719
5417
8453
1813
2834
7514
7023
3318
6321
9693
7373
6538
7733
895
3178
4742
5993
5244
7763
4869
2723
1594
5664
2847
1462
505
6745
8123
6661
9942
3450
3180
4606
5606
5531
9479
6077
6957
4065
5670
8823
1610
3096
8006
3856
1906
8566
1797
6517
8359
7330
2676
7247
411
1184
8233
1668
9171
9480
1791
7689
3801
5320
7780
7225
2529
3865
4723
3016
2875
3286
7547
1117
8435
7987
2523
7856
1928
4225
216
3289
2309
2609
3891
4336
2946
9883
2231
4553
6480
9650
9778
8636
3536
4728
1389
382
7961
2296
2096
5927
7644
1186
9819
7125
2022
8302
561
6100
6959
4556
5842
9700
1775
8105
5228
9306
5323
4293
6182
566
590
2013
1783
2341
3940
6441
3884
5694
391
1801
3813
1081
5267
6866
4955
8692
2004
3426
2730
8229
1645
5256
5182
6530
4585
7936
5086
2707
6166
3920
4620
9921
2059
2220
7076
3396
8196
8442
1456
9781
6258
4067
7983
9489
502
9948
3281
7230
4868
5559
3522
1199
8360
9737
2873
9018
102
9699
3237
85
4800
5211
8557
7947
3871
7512
8204
1727
1030
495
4614
2252
753
9636
9947
1509
4048
6860
8932
9858
2202
6232
3702
6825
205
4518
5094
8219
5336
4478
2020
2356
7192
7048
3270
7496
1627
9749
7959
6119
6
6867
8563
7022
1834
2736
2800
9731
5167
468
7545
9549
552
4259
3768
8097
6876
1230
4132
233
3088
8950
7031
8432
7578
9261
8121
4779
5153
1800
1373
5767
1355
469
8170
8388
8362
9622
3419
8560
8940
762
6324
6229
8970
1849
6122
6640
3608
2675
3880
2336
6301
7801
8612
9976
2892
7773
4056
530
231
4763
3512
2902
7148
7001
3962
6937
9681
7439
5928
3919
1354
3994
6912
4929
6603
8125
7213
5740
2740
6384
5093
9256
9338
491
1268
2604
1454
5868
9077
3351
7143
7895
9875
872
1277
1851
290
8755
768
4413
1924
7656
6082
2546
508
6590
9425
9756
9708
7685
9022
4404
3047
2148
2828
5898
9736
9594
5560
5589
8481
3177
1261
8530
3516
6217
5964
2001
1782
7648
9795
6562
7336
9229
4934
5714
8085
3284
7085
5946
4543
3073
3799
7111
1434
8528
1677
6450
4045
6971
7246
8953
2688
5533
5312
5815
3592
3928
3159
1411
2943
1507
5383
2680
6621
7262
6587
1923
9179
3445
2426
2209
8274
8882
8064
6509
234
2208
9136
6153
4131
6489
251
1917
5314
3100
3960
9223
8817
8947
1057
2289
908
5875
6810
9638
8414
6643
264
5075
8806
2778
4818
7302
5346
3556
1402
5655
225
3683
3818
3490
8751
7988
4718
8945
6328
1182
8853
2547
9729
979
9477
3621
8891
7967
3575
8403
3024
1091
5044
5935
4748
5239
4079
2550
9309
642
1510
4519
7073
8475
3971
1448
504
1018
9289
1322
6136
8594
7185
2710
9508
5231
7838
9458
295
3225
7691
692
8086
7502
4924
6892
7492
9131
460
780
5411
9713
1652
4684
9198
3186
1244
1705
7789
3812
8109
5556
2205
3821
1524
9025
8188
4615
9007
1688
8076
7127
403
1731
7639
5596
9860
8849
2876
2374
6440
3689
4013
2838
3021
4605
3240
6580
5176
7266
956
9139
8756
478
5857
6255
1925
6619
5603
6553
8408
1916
2985
3204
8103
4175
2222
2468
1226
1112
4576
2999
1686
2581
1796
991
4909
1679
7536
5118
7162
531
7333
9590
4044
7436
1545
6616
8441
8249
2986
2539
3350
2790
4671
7732
9686
1882
7138
5837
4167
6421
1076
6683
2983
5141
5613
2285
8186
3547
2053
3609
8342
6237
2247
9617
7666
3814
1602
3481
1254
465
2859
6302
3029
9597
4208
2141
4785
5747
6709
4951
1738
8981
1895
5201
6352
9347
1406
4315
7697
9439
1154
3511
4827
5171
2848
1369
3505
3669
781
2806
9033
3494
5684
5790
3973
6488
1306
3074
2563
9767
9710
8836
6473
283
452
2528
9089
1216
931
4954
8832
3403
6583
9989
1805
3530
239
6121
798
7754
9695
5624
4912
3787
375
2292
3771
1309
2705
2526
8872
6017
6947
1307
4193
6338
7043
5039
7890
4103
1363
5954
5522
2961
3749
793
258
4878
6256
8620
3639
5749
5177
4085
9779
562
3046
4068
64
8939
3094
8933
1048
9059
1847
6915
7117
3203
940
6146
466
5743
813
2104
415
4081
8617
1202
9647
8515
1118
7039
6710
6205
8729
1431
8049
9124
9214
7898
8685
9456
8331
8144
4054
7887
9066
3497
7585
7451
4560
6405
3054
7638
4979
5845
1764
7794
3329
2069
9317
8842
3082
1280
1994
6452
1029
1043
5162
7694
8635
13
740
9097
4805
8834
6296
2040
3111
5864
3321
4217
9421
4334
3693
2629
7998
6552
9707
5105
5736
7858
9227
6701
1997
8869
3152
7412
4973
6653
183
675
9360
7825
8397
4332
568
3513
1583
8672
2331
6076
5070
3523
3322
1544
6963
5663
6021
5776
8282
73
4511
6637
8431
7886
5460
7840
9384
9793
9531
926
9351
5750
4914
2360
580
6777
2567
7696
1228
6211
7417
9899
7136
2239
4339
3139
899
3300
862
693
5067
4230
4434
9481
3929
6403
656
8088
8609
7065
9855
9298
8995
8461
8489
1516
2571
869
1105
7292
2677
9459
4291
1745
2345
1720
4648
6769
3424
7933
5568
5330
989
9909
7944
6741
9522
1224
1304
1027
4512
953
1554
3841
1472
7501
4964
6662
4685
4369
4756
8878
4136
9218
5185
6881
2692
617
2152
5138
9215
6425
2255
6101
7518
7954
4277
3262
2266
6157
8555
2203
6843
6288
9951
6515
7102
3059
3566
9337
9267
4817
5227
5708
4772
2429
8046
6215
5630
9935
1724
9063
7734
235
1695
6980
4754
9605
8847
9406
473
5181
2378
3558
5208
4940
2021
2599
3395
6274
2554
2265
4432
7331
5163
8516
5629
777
4617
9896
9301
5426
715
3333
79
4965
7636
9472
4436
8737
2734
4282
8747
9302
8237
6503
3304
6629
6108
1696
6834
5739
6974
4066
8372
152
4043
4896
9166
5521
5146
2731
7045
884
4359
7577
3941
4364
7844
4706
5018
9574
9326
4477
6152
3179
9635
5264
8164
2518
6657
2781
4977
6327
3823
6932
1735
137
3382
83
1432
2387
3041
2187
9496
6078
5681
8295
6285
8531
6312
8698
7233
7906
9021
6987
4321
1439
5391
2796
5569
9281
8773
1685
9350
5376
8260
614
2772
2326
4676
7649
6476
7491
7282
8124
7526
6605
1201
4655
8296
2161
7817
3498
5542
2612
7249
213
3039
2243
7940
5774
8985
5634
1528
3916
7447
5362
15
748
8781
9799
1408
6888
3355
733
1630
6969
1858
870
2488
4609
1116
7968
1423
8047
2804
4986
8667
4679
575
9113
2412
1577
9385
5720
9838
5286
3055
7580
7047
3142
8678
4680
3564
3976
7749
9776
3132
8189
8546
6412
3627
541
1704
3737
1945
3907
5942
1592
2541
5888
8977
9072
1532
3964
7344
4976
3543
7698
4643
5884
1464
8043
262
9952
7624
1215
5298
6975
8920
4793
3005
2386
9768
8835
2733
9850
2871
172
484
3025
361
2803
691
8318
927
4996
8969
2385
2820
959
4083
6420
6504
4535
7899
9204
2766
9747
3831
839
2866
8671
6819
6004
8979
751
407
7723
4700
9602
9897
8460
5136
1748
7616
6802
8514
6646
5188
3069
4427
4023
1842
974
8410
7600
8561
986
3881
4941
9674
834
7332
2598
4628
6743
3287
1449
1059
3162
7305
1956
4913
8255
7747
5679
8328
912
1274
637
3385
7433
4811
9141
4916
6354
1983
6332
9530
4956
9470
8870
3250
1713
9753
5812
7268
7975
8016
6317
5583
8280
7193
1654
1868
2536
9849
3325
1558
8007
4644
4741
4980
6377
8412
881
5186
1148
742
41
4457
314
6451
1942
9349
2505
840
6940
5881
7243
2160
46
3661
2415
7658
8421
1387
5225
2486
3705
6887
660
6168
7620
9461
1329
114
4988
1732
6066
4127
8727
9424
6457
1168
4252
393
9927
1085
5544
865
2586
4260
1564
4074
6417
6904
7471
9609
3381
3097
9630
311
1038
2133
1817
9080
6900
2375
2446
6622
8897
3353
4841
9358
7737
1612
3483
950
8480
1669
7709
8209
6311
7583
8198
8293
3038
941
3704
9880
3673
7224
2694
2906
828
2254
9205
3431
2477
2449
2995
7383
4281
1734
8825
8277
9598
4357
2401
1391
2626
7006
4037
2801
6218
636
1005
6670
8418
4168
1132
2797
4593
4623
9592
6006
5777
5729
6698
1867
7172
9975
4948
8034
389
5886
6426
6192
5918
8266
4586
9901
9701
658
4383
627
1016
2940
4446
4471
9466
9514
4209
6172
2934
8269
8113
7368
7110
603
5536
7553
1694
4777
2784
5773
119
9964
2216
7335
4658
8375
8659
4492
1427
3037
1047
7235
3772
8885
4659
8267
7196
6700
8850
1664
4776
2389
6280
2475
652
6449
2036
2623
3214
7293
945
9434
4693
7026
367
6814
2853
100
493
2436
7633
6042
3601
8574
81
7055
2147
6189
7720
7667
4740
450
5778
2769
3487
8721
8146
5204
830
6714
9114
4290
3706
5921
5023
7587
2480
2060
5874
1970
7880
1460
6735
3760
3667
3524
9453
8887
790
7362
1973
7381
7450
1915
4356
7259
3734
9824
2467
5769
2660
7175
6977
4649
4026
6241
8661
1071
9402
6840
222
650
2672
3644
5801
9764
5102
7632
8816
2607
9586
4892
8276
6958
6346
4421
6188
2492
7119
3658
3334
4019
5506
4968
3934
4899
3699
4735
4308
5305
3830
4822
7485
4730
2645
516
8084
2051
1788
8383
1865
6249
4844
9274
9168
5783
5066
6803
4726
9728
5731
1887
5982
7321
7357
8520
1593
8517
2678
3014
7868
7595
6705
7411
6913
4176
9117
3727
9240
9808
2108
8306
6072
2224
7617
5062
2052
7493
3937
3319
2944
2697
4204
2272
8356
6002
792
4472
6036
6702
9888
4183
1203
5775
6139
1072
6694
7541
3833
8464
4505
8493
1992
4604
7622
7106
8898
154
3200
1770
3797
1078
9913
7388
2849
2938
6033
9491
8814
2459
5392
8245
9841
3299
9671
7931
8810
3345
7785
8767
9291
2
9340
1242
4244
803
8311
8291
3796
783
2945
2392
108
9164
3172
8875
28
6091
3789
9042
5280
2668
4379
6827
954
5915
764
5555
7549
1644
7190
5697
8384
2183
8127
5527
731
1829
2994
6115
4667
1213
8848
9931
9230
4745
4461
5584
3268
1939
6767
7753
9780
1266
5465
5979
4799
661
4394
5393
903
5698
5735
8434
1726
4011
1571
9939
9153
4215
6588
6126
8662
8793
7706
8104
4716
4971
2885
7925
1636
7499
1922
2471
9837
1655
4837
5931
4263
1760
3989
2452
2080
3723
2351
298
3747
2747
683
7016
3619
9409
6148
4387
224
5798
2271
204
7869
112
8673
6340
3215
383
610
1496
4087
5951
6719
6507
5981
4673
5210
7850
8883
6300
5270
1333
1537
9842
9090
9973
5727
7461
3938
3525
4137
9006
4119
6173
957
2791
1665
4031
1815
7506
7394
1183
535
4025
569
9499
3784
4795
5139
6626
1245
7985
9160
8704
3411
8803
9096
3573
1028
6591
7081
2651
9577
6611
398
6783
1129
474
1914
9936
7046
4314
4894
801
2990
8628
6529
7168
9666
3698
2163
6770
2312
6632
7523
5640
7626
9293
4072
1628
1097
4352
6272
6180
4473
5123
5779
1190
7198
2701
3686
4189
2572
4797
7914
4743
1001
3859
6080
6604
3231
9608
8142
9879
7660
8749
651
2149
2867
8580
4864
6267
4930
3206
3339
7916
9294
3862
5819
9220
7662
5369
299
9081
9910
8256
4207
4405
1941
1658
890
3306
3460
6599
3048
9826
4201
3303
3315
8474
3008
4086
1971
3390
664
1977
345
1257
9740
5082
5304
7437
1167
6569
89
4597
5353
7294
2578
4052
4113
4303
6771
3099
2383
7618
1716
6795
8720
612
5730
8807
3313
7758
2026
1976
1147
5920
5469
5696
1173
3478
9442
8812
5858
8273
390
9379
5020
3293
8284
5077
4095
8416
8684
3987
7588
9355
5178
7141
7442
9659
7958
2076
2918
730
758
5638
1302
5676
336
7255
4727
4500
558
2727
5047
2191
2124
8462
9140
6477
3428
3433
3425
2391
2411
9314
3475
7552
8166
3352
5448
9368
1656
6289
704
2657
645
5303
3438
3107
1957
227
6920
5701
5395
9035
1469
486
48
441
7015
6786
2409
9377
5366
3136
8095
8187
5329
1522
6824
2695
7564
9378
9493
6845
5124
3482
4234
8798
8908
9374
7688
4608
8395
592
4532
368
9986
7091
6035
5757
5016
9893
1320
6347
623
5316
1082
3010
7056
4455
1517
128
1256
2673
5250
3829
7234
7128
6655
7300
6835
4240
3342
9236
7438
6186
9074
1725
8309
5213
8022
7360
6193
6620
9523
3399
2627
3761
1284
4351
6123
9505
3982
3129
9259
3851
2230
2891
479
6220
6253
4920
29
1385
1523
1706
2807
7738
2256
4053
92
3681
2919
6165
3375
2283
358
9581
6003
9959
8194
6752
3588
555
9560
9593
5253
3552
6673
4578
3098
230
9146
5807
8132
5025
5722
4847
9242
6048
8800
3184
8364
3752
9084
6711
3081
9966
9086
5325
3997
4969
182
3183
9977
711
1681
774
9956
7870
1442
3221
853
6471
8301
1603
7326
8804
6916
5221
5030
7277
232
4830
96
7309
6010
3819
4497
4886
5978
5997
6226
2491
8002
3900
4803
5144
928
6713
8928
4224
2504
3527
5768
7034
5808
5
6807
141
4687
9813
8184
8983
2880
9668
7513
3127
9149
5985
9704
1619
4266
2755
4935
3725
5230
8098
199
3340
3618
2575
7201
4400
7289
4786
8180
211
6304
8801
9448
9774
5170
4458
5295
1690
5321
5328
1562
2845
9029
7088
5418
6778
7892
8705
2223
602
3620
4893
6461
8600
5342
4801
7351
1463
8307
2913
659
5368
3495
2107
615
4558
1859
5450
1549
2031
1433
3984
3282
9353
5673
5290
3473
5197
2975
1519
5601
3075
1130
557
2664
349
6543
3102
1493
6350
7074
3344
6760
9303
4041
4496
5071
8923
8957
2291
257
4139
9410
1952
8498
7852
1332
5933
7479
2323
8573
814
6545
1033
9014
4000
1314
2245
2585
4378
3410
1446
6309
4238
2851
9388
4848
4666
9558
5452
5019
4403
2078
9000
492
6231
4619
9073
7927
2927
7627
4382
2135
1747
3637
8577
5194
7634
3212
1040
2601
7822
4425
7239
8881
2956
6084
2522
9775
8757
6366
8542
770
5157
2860
8367
5192
6071
2580
4001
8551
2698
1196
6336
1404
3532
2362
3578
5710
1979
7722
6763
7631
5121
7033
421
9839
3126
2545
5370
7242
8281
4572
725
7543
3827
9098
5195
2447
2244
6525
1403
7149
5822
9046
6199
8830
7621
5995
7104
9280
8490
1585
6307
7704
668
7995
4927
8292
5713
1295
7151
5061
8319
9224
7787
2097
2458
3348
735
9039
3234
7359
4994
9264
769
5728
8592
2957
6496
5331
7803
4077
4286
8764
5241
7716
6374
3459
5840
4179
6093
995
320
9257
4705
4393
2276
597
4486
9882
1166
7219
8497
53
6526
1856
7842
323
6644
666
7072
729
4554
6520
5657
1240
4169
2981
2428
2794
5758
1457
2058
9998
9413
4162
7356
2023
4206
1739
2419
7796
5129
9766
9847
3509
2958
4466
3367
3026
8651
3380
8745
6914
8278
2358
4691
2144
6792
5637
7017
8141
841
8066
1
5707
6142
1514
9846
5000
2350
6862
4388
7440
159
2338
107
2921
9715
5563
7240
9949
7909
3980
8829
604
1736
8529
5447
6857
7874
9012
9333
8997
7885
2614
3561
1204
3272
6415
412
560
2771
8351
1152
6379
2333
4340
6378
5549
5112
9017
6250
3786
9580
326
241
9706
4070
6134
978
8275
8683
1531
5844
4926
6906
9900
6375
8572
3674
6023
9585
7340
3775
6811
6748
8838
5259
2006
8119
6430
3595
3677
3696
1832
876
2282
7668
4022
7714
65
7295
4051
4177
6697
9272
4040
7118
5198
1095
5420
7888
9327
7160
2641
6110
9683
381
3716
2966
9783
7530
4093
9125
5643
8852
6236
4596
9612
9186
4479
3510
3032
7378
747
4695
3582
5695
8137
4245
7449
5302
6334
9329
1746
7566
1933
5456
8677
7365
9721
5683
1365
2615
2582
4523
4274
1123
641
4218
6910
8261
9245
6068
310
5894
5268
3389
6923
5027
5594
4877
3002
776
4547
5481
8647
8148
1927
8082
3585
7280
2427
1569
1198
8730
3443
8738
9576
6665
4853
7008
3230
4595
3645
3998
618
203
2473
2166
6158
3894
6960
6044
9600
3349
3887
1896
1104
4872
2217
5378
5349
1840
9835
2126
5666
9354
7363
3417
8805
2656
5761
4012
9772
7792
9163
910
6109
6870
9232
4147
9423
9971
431
3598
517
4647
308
6765
8978
8693
8860
6209
8815
3327
2237
4991
4922
7693
8645
6079
9687
5654
8501
4146
5693
4503
369
5650
8050
2221
707
9233
34
9557
4832
3633
1881
9664
5015
1640
7991
9536
5904
855
8994
6692
9968
8400
2756
1812
5784
7831
3479
3356
7329
1773
8358
564
1991
2890
1848
59
3137
4498
816
5438
8122
938
7963
5110
6737
7483
461
6627
2768
4584
193
9937
3905
4850
5433
7782
3565
5587
9212
8863
5552
5472
6557
117
8631
2195
5836
2081
9831
1855
5688
414
7486
5430
2648
8494
2519
9535
3539
5021
6564
7415
1050
9648
3131
4410
1181
4464
1579
9639
8005
6615
4020
9848
7563
7250
3371
526
7232
7054
439
5379
7276
2259
39
1035
806
7915
3517
5862
6624
3072
220
4549
3641
362
8380
6952
8452
7884
1300
9616
8769
3201
8790
2085
7457
2758
4219
6438
3134
9369
7517
7596
2856
6911
8931
1218
8543
5780
4134
5380
4491
464
8867
1938
1121
195
1430
2502
2308
5343
7981
9475
544
519
7598
4442
5399
6498
2211
8488
8163
4555
8641
5726
8602
4389
7206
5332
3089
6727
9219
6625
8470
754
4198
7509
8346
3843
9543
8057
6045
475
4701
1476
8607
796
5285
2775
35
4104
9760
1315
687
7318
9988
8338
2534
8336
9009
9265
9979
139
4210
646
4101
5671
9748
4861
8304
3715
9091
2837
1539
1412
1617
7567
2478
1088
2057
546
7641
250
5960
9050
537
9070
1555
1031
6566
105
388
5091
3611
9678
8713
2802
1465
8411
8820
4641
6961
7095
5699
8089
4272
408
5475
7167
2621
2910
7059
5031
9595
8321
1340
6532
9833
8826
5088
9741
737
5074
6982
80
952
3191
909
6704
1299
36
4402
4607
8622
8487
3985
6291
982
4798
4637
759
7574
3020
9047
6436
8027
5035
6864
2527
180
2370
7813
2463
2951
4533
2027
5847
6393
1474
144
2570
907
7494
6848
5375
400
7556
8723
5355
494
2553
8598
5010
2521
3259
363
732
4559
8174
3412
5282
7837
7992
5516
1197
4438
8268
2465
4802
6360
4149
2062
306
8731
7258
4098
2132
8500
7475
2190
981
4721
9027
5519
5490
4233
8265
5119
9694
5106
3680
584
4963
9243
313
3546
2151
3071
288
8322
1102
3000
6385
72
7529
8015
8682
2633
9155
2948
7802
3499
1217
4566
7169
2976
7308
9962
2306
5263
3697
1816
3414
3369
396
3668
4211
9241
5245
1947
9719
6009
2353
2500
3581
7410
4370
8459
2130
3708
4760
3256
7924
3553
4154
3251
4720
2752
387
5381
247
4758
8962
5753
5719
2992
4483
6828
946
3279
1004
463
9790
3057
9076
8690
202
7097
6844
3685
2373
2606
6118
9334
1733
4164
9209
5219
4591
344
6213
8087
124
3220
6466
4172
2706
4499
3908
1350
1133
8663
4656
3792
5892
3935
1490
9928
7986
2007
8341
1756
1255
4690
3593
130
1875
5114
8930
7297
680
7372
7522
5396
919
4931
8758
329
9330
6686
7712
4876
7416
5482
2644
1063
6925
1687
2593
9165
4417
3449
1607
4517
7717
2179
133
3701
3406
8078
2642
5520
4993
9255
1394
4819
3863
4141
5543
427
6187
5806
6754
6085
9428
1074
2213
1400
2869
2754
1109
5878
6502
7269
6171
6666
6326
3053
6513
4905
7534
7150
2441
6372
9316
7876
3366
7742
1778
2964
9981
2483
7316
6675
5372
8001
1273
633
4350
2212
5098
3918
7867
5515
9825
7695
5017
2476
5873
7611
2969
5969
8927
8523
2996
3803
7730
9228
3393
5435
5085
2158
5311
5214
8285
3953
8235
340
980
1044
8374
7938
8581
9177
4014
5562
6067
5649
5538
153
6432
3721
6818
6206
585
6654
11
4343
5104
9604
1595
1052
8387
4561
5917
4778
9092
4631
4755
6277
2779
8540
8094
5658
923
8768
588
2369
5539
1473
587
9518
8044
717
3469
3914
3163
6282
4467
6270
7154
685
7871
8177
9192
91
106
7762
3656
6570
16
2286
1325
6053
357
9488
331
255
5053
1174
4856
2263
8404
9266
647
5012
4462
649
8634
3897
6013
256
6801
5983
4487
370
6668
844
9821
6062
5659
2008
7768
7389
8083
4415
7679
520
3388
1852
9412
7612
8224
7932
7191
4228
5733
6652
2743
8614
7659
1015
4135
6086
1232
1998
970
3103
5407
1888
5422
4674
7806
7505
9057
254
750
5151
8896
2864
1401
9319
8110
851
7306
7350
1110
7537
8638
630
8934
7830
1618
2343
5797
5049
6927
2537
8552
7860
6445
7911
9389
5132
5574
8486
305
965
2301
5073
911
4283
6402
7021
1297
829
3537
3612
4908
2787
6051
3165
9757
1657
8505
6693
2971
5413
1066
7525
4097
9467
5813
2408
9631
5125
7891
9912
8728
6846
8862
5901
9162
278
2980
724
4621
4828
418
9217
9058
2686
898
2894
936
7635
1009
1769
3779
1313
8564
7005
1077
3254
3042
2030
6437
3087
7376
2932
433
506
3341
3144
5111
609
7808
7562
1980
5880
1723
930
738
3347
5443
1470
3642
7283
7902
1550
5891
1981
5441
3507
6257
5403
9926
2307
2241
4825
2128
1833
7719
2886
2900
9908
7835
7715
7488
2043
1489
3538
6688
146
5289
8176
1352
1092
8069
9450
7504
9277
1766
354
2402
507
7036
2795
7646
7212
556
4285
285
4197
7221
8401
6358
7516
8589
3625
4445
7731
6744
8183
2352
5134
1478
4910
3158
2595
5390
9485
9865
8299
1417
3130
6858
5872
385
1949
3133
3359
5165
1359
5910
7285
1503
3121
3462
2970
1191
9634
9905
2591
8145
1424
5364
6746
9832
6499
3978
7029
9032
2061
4450
8794
7275
4669
5786
3296
4545
7857
3188
7603
6638
3921
8102
272
7248
1818
1552
1445
9762
6889
3269
1659
5216
6083
3404
9891
7815
1611
3040
5504
891
5905
2164
4839
1527
1918
9174
5449
7177
4325
7271
7740
5642
1128
7109
5700
778
7311
32
7301
342
9983
3519
2382
4171
9873
6899
4587
4516
7281
7205
7508
8740
292
9052
9993
4312
4307
6512
8254
7881
5154
9934
8246
6617
5425
4444
5644
8570
1500
1062
7432
2016
438
5600
3117
2893
23
7960
8687
9064
1259
7593
9476
8736
843
807
3947
975
5097
2498
822
4942
3923
1269
7228
7011
6141
8130
3628
476
2440
7735
5103
702
4108
1511
9416
9107
2279
1792
6951
4692
9112
7087
3707
1996
3800
6195
9654
4494
1225
5785
9751
3401
3712
1699
3084
3635
6478
985
9759
2332
2142
8907
4276
2346
2258
6541
8624
6919
3467
6639
4843
4003
7174
6404
9626
2154
1546
1504
457
6319
4326
3294
9038
4970
2968
4698
7832
9642
9985
3202
1090
9919
948
8656
1776
3514
3879
1487
6723
6031
4682
5476
7795
3323
6720
6685
8147
5809
1330
9446
7155
3653
2445
4883
4902
5199
4096
6863
2531
5889
4613
1862
7984
3326
7774
5007
8131
7313
4129
1754
8774
695
8153
3086
5674
6664
1169
9515
9455
6400
2579
3151
867
207
7672
3317
9834
8657
5189
582
4771
6495
9723
6419
2568
6597
8029
1288
9798
7879
4675
765
8918
8241
3969
1253
8468
2404
4646
8824
8675
2770
6939
131
9541
6928
101
1337
1270
37
4311
8910
6991
2316
7217
8190
4181
7019
3646
5656
2102
442
6401
7157
5567
5468
7478
5803
1886
6882
2280
9916
7253
1026
7873
9176
4271
5269
3629
2816
6125
9180
4247
6759
2671
7554
8911
5489
819
1794
51
6618
9506
8903
6295
2724
6047
4625
5087
3855
1187
606
8422
4363
9754
591
8220
2457
5816
2253
2889
9787
8915
2903
9863
5309
9111
1321
9365
2099
918
4775
1241
4060
4603
1161
7400
1378
6313
2349
2557
5172
9134
5308
6330
7424
7665
7270
4921
7971
8226
6238
3876
6446
9527
4165
7930
6970
9734
7265
1682
434
7952
8324
8524
9669
5957
8559
3549
1661
2453
252
2865
6090
976
7084
572
9392
6056
8023
9611
673
1689
700
6790
5517
1580
3079
6756
5751
2115
8762
9915
6740
8033
2792
7080
7905
1409
8357
6871
5483
4428
4422
6656
471
4460
6895
8449
4028
8813
5579
4409
2899
6776
5200
2793
3260
5622
521
5939
6320
2039
7343
8165
8553
5782
2863
9110
5307
5293
4128
426
9550
8593
197
490
9147
7053
2742
4645
7609
5764
2481
2925
477
4670
3692
9861
3724
6567
8376
6057
496
6772
8348
4454
3061
7
1538
9483
4652
386
2650
1567
9462
9814
6135
5048
339
5832
7413
9953
7919
8056
1715
583
200
1803
77
3942
2639
413
162
8998
2246
1844
68
631
1741
5140
6151
8833
488
608
1162
9247
690
624
166
5101
1642
1598
8297
1974
9037
1418
4746
1943
3190
3156
9430
99
1080
371
9380
8579
662
916
5473
3866
2153
2193
1795
7819
8545
2821
3492
5306
6521
3804
8554
9744
1581
5348
1929
3783
8965
3733
6164
6878
9328
3930
2984
4327
4762
2898
3780
2071
8444
4279
3474
703
6516
7497
7791
6902
9785
611
3824
229
3773
2070
5621
4767
6779
4437
4890
1533
538
6581
1176
4632
2194
6333
3853
3358
4761
6749
7766
9870
705
4987
800
6872
3529
5168
2616
5281
6286
9676
9305
4180
6278
2406
684
4324
9238
1959
2399
1380
9495
5294
8060
8140
8253
5033
3384
3187
4109
5152
8780
5410
8446
4677
3602
3261
4611
2303
6972
4510
7455
709
3613
2094
338
7077
6391
7429
8093
8379
4681
127
2431
6175
1814
6548
1145
4106
6022
5614
4002
2087
5692
5237
8191
8576
5645
8509
5518
1396
8596
3423
1984
7528
365
7937
4160
2396
4569
7558
1399
173
61
1650
7935
7610
7495
4348
3224
6117
4046
58
2484
4347
1436
7236
1342
2041
6099
9621
9356
997
2072
226
9043
6684
6729
1672
8352
3440
5090
7849
1229
9572
1233
6953
4222
511
6492
3845
7216
880
9279
3739
7743
2679
9381
2407
2232
2774
5080
3092
2967
30
9210
8845
446
6949
1388
6699
9551
2456
5911
6468
9739
9486
8912
7524
5187
6938
5415
2594
563
346
3600
8114
9538
3660
6962
5179
8819
5206
8077
921
775
9235
7341
3064
8626
528
485
3392
5628
6976
327
4857
7068
9738
8101
4036
9903
3584
2418
2489
4770
7107
4495
3301
9463
6527
6808
5262
8706
6362
5318
3264
5537
8986
5292
4126
7173
7920
5691
6856
5196
8889
143
1889
8458
3577
7320
5405
4664
3070
9095
1802
4530
5059
9342
9082
2416
1328
8699
458
6133
9188
1982
6508
7950
2619
607
804
2513
2250
9797
9362
3398
8048
401
1566
1410
3297
5856
5387
5288
5350
95
1003
3223
5709
2319
2810
2420
7690
8
1238
1223
3890
3795
5760
6948
8483
8855
3052
6689
5203
9405
2002
6265
9803
8973
4111
3858
6329
763
6984
536
1589
810
7821
1541
5528
190
8111
4058
6551
2261
4329
914
7418
8193
6833
7229
246
6869
9914
7677
7966
1011
6821
8719
8866
5310
799
1361
8000
1513
8202
1975
9569
8739
4626
6966
9253
3655
5581
5765
9606
1591
8582
7683
109
6111
4570
71
2959
7918
7748
3672
2181
5573
186
5324
9827
7186
5480
1308
6682
901
6891
2074
7161
1967
6388
9244
4571
2861
9618
44
4842
419
2297
8199
3568
3597
3631
6877
2106
5363
4024
6873
1012
5711
1960
1206
9213
2064
1335
1435
2055
3563
7379
4544
875
4038
1376
6323
4812
5590
8212
6279
7443
4871
7946
6020
7655
3591
33
2608
6092
9126
9116
5158
1134
3548
5284
8707
2843
802
265
846
6196
5384
5130
1124
8042
2293
4406
4906
5965
4032
3298
6880
9414
7755
1535
3695
5827
7392
7532
8843
4636
1819
1673
7402
3617
1557
9982
8654
2732
5300
1248
3249
2602
5754
4791
21
7371
6160
5955
281
7977
7642
5685
915
1835
4757
1158
5485
4729
84
3377
3736
3065
4959
5825
7741
304
8511
8695
6687
8136
8100
5958
8732
6131
6806
1828
7020
8691
9473
3750
9615
8026
4007
2199
1347
1055
9348
3589
4622
4069
599
9295
4562
8709
4526
8305
3140
8906
1276
6849
215
8584
8510
4734
3439
4967
540
9283
3114
498
6968
6997
8503
6734
5529
2444
567
8901
9555
8797
6751
8079
319
6558
6487
3694
6667
8929
7571
2112
104
1837
8169
7736
6645
4305
8917
4055
179
7540
9304
335
4319
4194
9651
4502
6396
4316
4424
1135
2376
4365
2780
913
8777
5055
276
7942
1576
8890
7325
5646
8567
6096
4686
3838
3614
7071
1222
5287
6715
5126
7009
8608
3691
4629
3110
1683
5148
1968
7707
7066
1482
4122
6383
2228
417
3896
4939
6159
5966
364
2720
9321
1826
714
6011
3521
1958
9474
4170
9999
1891
1061
600
817
1450
2298
50
8725
1375
1708
6868
3310
2895
9137
1289
4342
1049
437
9221
1870
2901
1137
1175
8841
8963
2872
3882
3285
1962
874
2714
4891
7533
2162
6575
2482
2684
4116
626
8059
8649
3676
3050
9062
539
8575
4816
6343
8831
3311
6081
7319
736
1107
9679
6087
3555
6245
924
677
7969
6318
5335
9123
9682
9234
321
5462
1064
5143
5595
858
6408
1125
8298
1370
6738
9509
2532
3540
7515
8019
9656
6486
158
1582
3754
3508
8775
8569
2935
8052
4195
6549
5360
9284
4707
7476
5339
1331
4236
8251
1641
8630
6753
7865
5802
8686
7251
7290
1804
8943
2687
6826
5929
9680
8345
4123
8126
7134
4008
5036
5243
1525
8391
5386
719
4974
5487
5513
2874
9722
8272
3623
7590
7203
5442
6780
4429
9143
9183
1096
1786
4268
2045
6183
4447
7726
2054
1438
1327
6722
9946
9203
7745
5149
8708
3253
9435
3778
8252
4376
4824
8248
9341
2242
2973
7797
9895
988
3236
8172
6680
8484
4185
8955
2560
6894
5967
9743
1236
9049
7207
849
9404
3219
638
4280
8244
4602
820
8974
7750
5748
9652
2960
1318
5373
4423
5626
445
9119
8549
854
372
984
3476
9539
3606
8868
4015
9889
2113
8028
2937
8075
253
1368
9419
9288
8349
462
697
5252
4059
3444
5818
4725
5169
5796
2497
4618
1548
9961
2662
6641
3143
1831
9225
9318
3019
8405
2647
3022
3703
9791
8063
6474
3562
6559
9269
245
6221
1416
7778
1021
7194
9109
2760
6663
3232
7181
6481
3408
3166
125
3080
4084
9498
7083
4888
6252
6546
3485
5781
3470
4335
2884
3112
7664
3091
5248
7434
5667
3948
2665
2978
4849
5620
966
3732
2561
5444
7078
9643
5275
7900
4845
6815
3457
7374
9807
242
4887
6005
2294
6386
3636
3267
2313
1873
4784
7052
1479
925
9578
6536
6448
9373
524
6464
3376
2728
6979
5900
7982
7555
4237
9323
2009
4583
2038
8652
4302
4231
6070
7312
6650
45
3709
9400
904
1512
7572
4928
2310
8454
176
6773
8712
8527
3078
9584
5412
3106
6387
1492
1846
6784
7544
5923
2574
7897
4050
3848
2448
6905
7241
7581
6243
4004
1263
3113
4063
5994
4027
455
4124
2776
3379
2632
4301
8467
6098
7846
8888
9449
1239
6398
8354
8916
4704
2318
6019
7122
2696
8159
4717
4199
1013
7589
634
2090
4287
9589
1127
6381
328
9422
2649
4945
2207
3580
8902
447
7419
2344
1963
5839
8532
4506
9997
5843
6299
752
559
4407
8203
8879
1258
3488
8247
2916
8451
5571
3181
8959
7713
3123
3873
1937
7358
3506
7910
147
2435
6930
8601
4075
2907
7484
964
2746
1787
8591
3248
6775
5680
5414
2185
5116
6235
852
2822
6472
9211
2381
8259
4242
4598
7027
9088
1600
178
6612
4715
7519
5174
760
9548
2997
3316
9115
7776
4538
523
9024
8175
9857
406
850
8637
2584
5142
4661
5877
5772
149
6470
4867
2143
856
2741
206
6444
937
670
7705
900
6107
7430
2826
2745
9148
3807
1413
3808
5609
4866
6623
4178
8286
5164
4831
1188
380
5824
3837
6414
8157
1156
5851
4346
8504
7337
4221
7769
3764
6149
7158
188
1153
2156
6435
303
8809
7979
4702
3170
5953
809
9800
5526
9069
3883
942
136
6707
341
1908
5408
1989
4997
2127
9196
3168
5076
3437
5597
3001
1964
8874
771
5866
3451
157
3208
7591
3520
7214
4390
5458
2709
4010
9692
4966
2965
5627
7120
3105
4904
5432
3913
5191
4408
3857
425
2939
1292
6671
7147
8655
5793
9087
6576
1286
6563
9571
9226
2659
7070
6418
9645
7035
359
3308
586
1790
4821
482
5677
6945
4298
1755
6584
9809
8894
6631
6608
3790
3687
7893
2049
3076
8627
3363
1014
4229
7164
4088
467
3116
1953
6342
2425
1784
7568
8231
2600
6595
4807
3210
9055
4753
6929
3751
2887
7435
5001
2123
5512
7441
7364
8922
576
3357
8786
8956
1083
5852
9248
5470
8003
4042
635
1207
6943
3374
3436
5276
9040
2044
3090
10
3932
6129
4411
879
7179
2174
7387
6750
6836
2750
3247
5273
2413
3809
3769
9445
4377
9920
6230
4089
4130
5014
3122
4833
5588
1634
9877
8009
1475
8429
7063
1384
6799
2923
6359
5944
9444
3678
402
8913
9108
8390
3489
8310
7183
679
7244
4875
8032
7836
3541
2110
6469
440
4944
7403
8679
2121
5278
4911
9004
2682
2025
4294
5585
7112
8650
5131
5741
5029
2042
3465
5805
8726
8937
5371
7466
5675
4765
9970
1931
7131
7894
2327
1899
9579
145
6500
6989
6554
8228
9987
1068
7921
9497
8507
5961
4564
3744
7431
2877
7864
3515
3161
9944
968
2204
598
9001
8065
4766
6483
4441
4950
9060
9394
2737
9933
5998
7682
5823
6676
9684
5846
6130
14
6791
1573
510
7238
1609
2024
6804
4522
6942
6628
1000
9718
2196
3806
2229
9750
1709
2302
2225
6935
6708
1264
2738
509
6102
4640
1637
4187
4150
8149
7643
3255
5972
3175
4431
6594
8821
4575
9562
7222
2019
9720
7218
873
9804
4105
2388
5530
3434
2067
7000
3217
8946
4433
6397
1684
399
4933
8642
424
811
5723
3607
249
8478
3817
8182
9564
7208
7845
8257
4493
259
489
132
8716
6433
4810
1615
8167
9075
8518
1608
8368
2410
7397
2987
4151
8242
6820
3218
2380
9623
9447
3531
9420
8073
4719
5127
7382
5987
9465
9307
9924
1051
7401
4226
9311
6596
2011
7467
8192
9157
2172
8541
9201
6000
451
2681
6600
4568
5922
2120
2954
6380
1420
958
5333
3171
9315
5909
4582
2855
4155
9375
5703
150
4504
1467
9513
5254
1698
2117
7114
9632
4073
699
4391
7469
5042
4852
2430
3986
430
836
9782
7100
9545
5580
5183
9438
5586
5532
1565
6924
280
7498
8643
7187
5338
5463
4508
821
4657
2941
1911
7816
794
9268
6519
8365
5830
8129
6065
6273
5608
4534
6155
5193
9705
2841
9898
6592
1231
5712
9735
9005
749
7032
7257
3899
2524
1447
7770
348
4539
422
8197
4152
3970
897
3035
9904
6537
5028
4783
2508
1488
3939
7934
8604
7582
2335
2278
889
8053
8990
3968
9717
291
6145
7474
8173
6981
4071
1287
8733
8215
1560
3640
549
7929
5238
5834
5242
2098
1965
9249
5859
2613
4907
7199
6389
994
6293
7701
8139
2317
2832
4990
6479
1850
2533
3766
532
294
2510
4870
6308
1142
4125
3996
5945
7928
6556
2924
9260
6059
6460
3496
8999
4514
1364
5952
5501
2274
330
847
4159
3665
1518
5795
8369
9796
6633
221
6212
8771
2405
2617
7256
2842
2829
3501
168
7391
8099
5457
76
4212
3659
7423
1208
8216
7197
2437
4937
4214
9460
8623
6649
1221
9440
788
9216
6758
8996
2674
7650
6847
9698
8799
2759
5445
5690
9810
6201
5354
8290
8135
9769
353
7527
9053
5623
6185
448
3583
7608
5056
7099
3320
8851
6454
3238
373
8741
2888
8905
8402
88
5495
3472
877
2321
177
167
4267
1629
8792
7115
723
4627
8948
9745
1578
3453
3361
8010
6120
3713
3435
5903
5040
60
6095
5871
8613
3951
2155
4749
1271
1691
512
7264
8340
1898
7989
4882
428
4094
4898
1386
8133
6345
3062
423
5064
1877
1540
1344
1164
8409
6560
5072
6197
1777
906
9917
6190
701
5899
7093
151
3878
4694
996
5006
7702
6598
2827
3954
67
3975
2704
2858
6677
2134
993
3194
3981
8201
2495
5746
6926
6034
7993
8456
7948
4310
4256
1951
3477
1069
5592
9818
4600
5770
9601
5491
7875
4016
4630
6497
9984
7481
1491
2712
7082
601
5763
4932
7573
8724
2962
4120
667
2270
3944
3526
2517
1768
2685
2799
1742
1553
8783
955
7793
2403
5833
3246
1283
7674
939
7030
9178
7279
5434
3169
4957
2813
543
3265
4689
7962
8055
4039
3153
2605
8334
8217
7399
9614
8471
9403
868
8392
6406
6427
7098
6917
3216
6523
1377
1993
1575
7601
7156
8426
2920
8759
7338
4531
1319
8353
6678
3368
1648
3245
5934
4998
5869
3196
5209
2620
4062
3309
3346
6373
7728
8616
1744
554
7784
6027
9511
1836
4289
6813
1515
4616
1415
9208
7917
181
6228
1326
9996
2198
8743
8971
9763
4288
4881
3036
4309
69
3885
6831
9596
9613
3910
6181
6965
6568
6829
5499
2753
7324
9978
7974
4744
7853
5870
352
6609
6973
1643
5906
2012
5835
7805
8611
5759
1845
4732
1054
5566
9673
8393
1053
5137
113
1854
5326
2881
8854
3740
827
3007
9197
8096
7116
3330
3590
5212
8389
3141
5058
4439
209
4551
9312
6063
5358
2192
5941
9667
5672
6054
2018
7130
4200
5788
4834
3616
9263
1763
2342
3816
782
3095
5436
470
1940
355
4809
8355
8653
2248
7278
4017
4475
1041
5051
4061
9361
8754
1079
7086
2950
4540
6467
3324
7025
2432
9945
5416
963
8711
8664
2340
8366
9697
818
1701
7354
7823
7303
7237
7614
2366
3427
4854
1455
1157
1100
4416
2165
8206
6305
9688
9876
1930
4594
1838
2808
7678
4557
6642
8519
9633
779
2284
5662
8074
7663
6505
6539
8796
1860
3647
8492
7926
7651
8571
2442
8795
5388
7223
2525
8954
7997
2819
5974
6058
9335
8072
6602
6547
1381
9640
5251
5591
7153
2762
8017
3504
6161
4318
5557
8629
3872
6901
8455
9864
9308
4358
3757
3839
2735
8343
7462
4033
5745
2017
2610
3904
2337
9056
594
8350
6990
5423
3666
962
9533
9583
9344
7848
4262
1950
7252
7978
1032
1722
5631
1616
7725
1905
7883
3486
3442
2854
9345
2364
888
25
7062
3861
1631
8162
761
8398
6037
6208
7159
4995
4366
6897
2622
7654
2068
9346
2281
5440
2503
3915
2824
8595
9702
8263
6143
1785
848
1437
4386
5032
8347
7623
1926
1861
1614
8035
1674
9492
7121
7003
5665
6606
1346
397
93
503
4751
6392
9655
8988
123
741
9532
9629
8886
7210
8232
2991
9845
8784
4709
2631
8300
8960
6898
1351
248
6456
8568
171
110
1563
7619
4537
156
2438
5005
8240
8864
513
5226
4897
1700
5725
2173
436
8991
3067
4202
6261
8742
8964
6138
8108
8980
405
2809
5936
7810
6647
184
4323
4246
2693
9547
3570
6410
3875
7775
163
5155
2836
1495
9965
8361
7370
1920
3587
4300
7680
578
5999
3023
6797
9637
487
1620
9395
347
1010
2092
5540
3805
1392
9529
9502
4034
7999
7839
8116
9130
1718
1757
1526
6800
2421
7113
7569
5249
1506
3912
1372
2637
7863
9120
6390
2206
1136
5382
3332
3004
2506
2050
7057
3979
4254
4752
5826
3579
5916
7178
8329
7973
6995
5789
767
7812
547
8688
5173
4524
7718
3785
4401
7788
9436
6268
2260
9194
9352
9556
1827
4999
9802
5705
2814
2176
2911
689
542
8859
6672
2922
9008
7396
6994
6242
7922
7040
4747
1841
1697
2716
3671
9771
9853
1721
4235
4699
3193
78
6025
6788
6766
8525
2708
9878
2171
1189
2138
6510
9685
832
3534
1477
5477
9118
5702
260
4737
1453
5279
1728
4663
7847
8763
3003
376
8778
7465
4724
5861
1714
449
9817
1547
8399
8752
82
8750
6832
595
4299
1357
9390
5930
3015
3429
5024
6132
8856
8748
4331
772
5948
8081
1298
6210
5437
6764
5619
1961
9150
1935
6029
6167
1808
1345
301
3402
3068
8406
4361
7422
4451
8195
8942
8760
7477
8211
6222
4697
9742
9469
4794
4284
94
2511
8640
9382
3222
2914
6038
833
6796
2703
6459
5398
3988
2347
7123
2666
722
7996
5043
682
2751
3312
20
409
1903
7964
9869
4513
6271
7539
1159
4879
7859
6416
3720
9031
3567
1058
3464
9331
4972
7135
7746
3864
2702
5534
7584
7195
6260
3886
4958
2535
135
2454
4192
6724
8632
3826
8966
2170
1781
998
1108
4227
3652
5128
9386
2982
8045
9478
1932
3670
40
2177
7407
9733
9048
5257
1019
7322
5508
9661
4115
3688
3657
7317
2287
885
3448
3461
9911
1178
6798
1334
9426
1675
8238
622
9254
9969
2713
3852
7328
6144
639
1651
2761
8884
223
1693
961
6589
6263
5236
170
3471
8425
8308
309
3903
8502
9906
8030
7671
9992
7369
8138
8599
7756
8674
5260
3258
1006
4398
5976
8840
3198
5850
1692
2830
6718
2955
6853
2577
4813
4782
4787
8067
632
6837
6219
7551
1809
6382
3011
6424
2200
1520
7670
7949
4590
9432
7943
8303
2589
1101
8021
1042
2119
1171
5217
8676
4541
1073
7882
2125
5744
6728
1209
7299
6356
3493
7781
9588
1452
1179
5347
9866
6055
2952
6533
5467
1395
7976
8766
3965
3922
9537
1421
8697
3446
2933
621
7904
977
6703
5431
1150
2493
5365
3409
6572
9568
9250
9746
5344
2555
2424
1758
2817
3917
3083
3931
3844
2551
3586
7165
4722
4796
5986
9285
6106
713
9041
8765
7101
3888
5315
3722
8670
3815
1336
6434
2487
3572
6216
7390
6411
3397
2936
4665
3594
6651
1853
1670
3649
987
1944
7090
8924
5451
3043
805
5322
9521
7075
115
8496
6950
9519
7546
9002
9393
2277
6465
5133
8547
3967
7824
4047
24
2169
6816
6178
3544
3902
9542
7345
7386
5817
8317
8782
5814
3648
9553
2079
9765
6376
3569
6105
5689
4703
5215
1367
6573
42
4173
7004
7352
6635
934
8068
2786
8665
1913
1194
6841
7841
5804
9663
5525
4781
6854
6793
4481
1293
214
755
218
6367
4385
1163
9770
49
9427
8208
1820
6730
2219
6679
1622
8703
5334
7661
6874
7420
6690
7103
4917
2355
4884
972
4573
4574
5990
8058
845
1966
2596
7226
3336
7586
6223
9078
2516
4696
6399
7684
815
5359
7375
4463
2086
134
9313
8320
6501
4975
1830
3018
9777
3276
2739
5202
8335
5792
7761
5848
2974
7889
5546
9464
3387
1160
3273
2947
6269
2690
3314
1885
7414
4790
3832
4814
9967
1717
2625
548
293
831
3066
6879
191
8508
2499
8982
2010
1291
5669
4190
2197
8155
4548
8710
5913
5317
3209
7765
7809
4678
7673
9711
4474
1780
9628
5453
6601
1220
501
5424
7287
5968
6113
5605
4874
8858
9332
8951
6823
9015
8128
271
3211
5207
3758
6706
7315
343
6805
6577
5078
3182
1131
5409
4082
8479
837
2879
26
1122
4381
9703
6475
4923
6660
90
8423
9696
7204
3927
2233
2139
8993
3906
9836
9190
6607
8871
2236
4731
7727
9525
4435
9189
527
3634
5863
4862
2003
3825
5738
8036
1349
6733
4251
217
8925
6156
9534
2562
7779
8223
8615
7049
7878
6204
6524
6097
8473
5224
1371
8152
655
2330
6630
773
3335
571
1839
6896
1094
5762
6582
2357
4668
1103
7970
7760
8625
9167
3850
454
7367
7777
9675
5721
1056
1799
9320
4255
3383
3755
5299
9565
7561
1316
9773
6956
3690
8151
894
4925
4430
5717
3974
5668
7446
7923
5558
1902
795
3229
7448
9322
2811
7521
4654
1200
4588
3811
8250
5895
47
2462
8899
6357
8433
943
8330
3006
8339
6361
1653
5550
3650
2210
7721
269
3926
1543
3638
9383
7144
5810
5089
2288
9902
920
2334
5389
3791
5617
5108
3421
8283
3164
1590
4650
7751
7953
8597
7460
1324
6325
7576
4846
1499
9794
3711
5394
7811
6747
3893
823
5715
8061
9677
1646
2556
1772
7757
619
4270
9020
5068
2324
4936
1339
7310
6043
9310
7067
155
8234
3125
5050
9822
7456
9789
7560
2095
5367
7804
5687
7124
644
7366
2540
3373
9251
3458
6933
9907
8092
7395
933
1912
483
7274
31
3124
932
5291
481
3104
7334
9083
6712
1678
3174
7421
7957
9185
3226
435
8158
9133
7503
8521
8378
420
7559
4949
3767
5427
9528
9665
1356
2844
1265
6822
4337
3710
3959
7542
1536
9823
5356
3263
8776
1632
743
9290
1798
8534
2150
1037
1099
3185
6439
9670
5742
8205
5547
8438
917
1821
4601
3911
2047
8958
3456
4713
7061
7945
3842
3963
4344
7826
5109
228
3741
4269
1729
3675
6314
8062
5113
2314
3
2325
9398
8603
9286
2322
4855
6353
9552
5166
9138
2689
4639
2744
4712
7951
3422
1765
8218
5466
643
2379
6852
3454
7215
990
6116
2295
4275
8753
553
3257
8822
9844
277
9278
8538
5992
1662
5787
9325
1141
1075
8041
6830
4138
9367
5973
3228
1113
4851
1002
5602
6518
2896
4733
718
6429
9187
9487
1551
9258
4563
7965
4520
2305
6890
3167
3290
286
8578
6163
1574
443
9085
3604
7602
4982
4780
973
2167
1429
6768
8533
8236
3362
1621
5374
3197
7628
175
6842
8644
9624
8428
4610
6162
1426
4880
9806
6298
5919
6355
3242
1461
9761
5361
5266
5984
9206
9938
9003
785
3307
9856
192
87
5498
9660
5737
7050
1866
3243
6413
2783
7254
9885
5932
1559
3108
2455
3950
4153
3753
2798
1170
9028
4158
2275
5205
8606
739
2638
1767
2434
7452
3679
4005
629
4395
1972
5261
2368
5274
665
4243
1625
9540
2290
7686
8499
9429
9894
1743
6739
3044
5240
6485
4021
4118
5855
882
8070
3192
6259
2234
9121
2654
766
7912
351
6214
7163
3354
74
892
613
6198
6494
243
9276
8315
565
2566
1948
6865
971
4249
1534
8004
4565
653
4099
5161
9246
7939
1779
1501
8717
4396
6287
138
2414
9672
7687
2146
7142
4182
1466
3958
120
3874
3840
1666
244
2140
6341
6462
2235
8430
5829
2056
9922
8873
3961
3615
3034
360
1023
8944
3854
842
5962
3643
5404
7700
3455
6247
1774
8827
75
4049
9929
8949
8536
3283
1425
4452
6369
826
9433
9940
866
1140
3447
2433
1639
3045
6248
1405
3972
5081
2833
8294
6742
8785
8921
7425
4220
3147
9649
3343
3292
2942
8537
2189
1267
4823
9324
2423
2084
7152
7347
2998
3305
4858
111
4278
5970
3860
7298
9587
3128
9292
8605
6934
1362
6550
1143
5599
3227
5046
2451
3730
7380
2862
616
3009
4885
7980
7170
5882
4840
9599
1034
4367
3909
2122
8772
9874
3729
2640
6184
4992
6886
142
9752
9034
4306
4838
3654
6447
1954
1624
3252
4683
6613
3718
1144
6610
3759
8437
2178
8669
4261
9071
1663
497
4191
1205
4589
4330
1098
3762
7349
2460
9691
5429
9820
1260
2262
905
696
2168
3901
2065
3150
9923
5959
5593
9437
8371
8633
7042
7464
5926
1177
3603
1294
7406
2066
5853
7606
4354
1419
2214
1502
1114
7833
9030
2100
4322
5385
4480
864
52
9524
5421
2764
4521
8230
3418
9709
4174
2565
6861
8666
9441
4710
5428
2564
1089
6531
4829
165
1753
8107
1635
6064
5553
8992
8588
6103
8681
3991
1262
4273
7604
3774
9366
4808
5535
8012
6363
4057
5313
9851
394
7126
6052
5496
2188
8587
1876
4714
296
2015
8865
6455
9161
9690
17
6015
2073
8558
4110
9144
2661
4769
6443
4163
1497
8880
7669
8112
1106
2857
1810
5446
648
3331
9359
728
9270
1893
5296
1195
7570
8385
6757
4362
4166
3877
9714
6544
3077
5063
681
4581
318
2788
3949
1397
8118
7064
1093
2805
7139
3266
721
7652
1301
5486
9980
1900
9854
8818
4304
6762
3748
1604
7393
5940
9625
8447
2299
2658
6169
5991
2635
4789
1441
8802
6908
57
3413
8735
1358
8178
7535
1761
8413
8415
5439
1192
3364
9881
5618
6787
5831
5057
6331
5065
148
8621
6907
8646
4090
4006
6851
1823
4157
238
7094
8900
9417
2300
4360
2628
2131
2818
8168
8526
3213
7829
8424
9237
2093
164
3365
1360
4918
4114
9658
5272
6648
6281
9391
534
429
6140
5156
3763
7348
5283
2264
4030
6315
9079
9559
5647
2136
7327
6251
4264
1311
5229
518
2238
9727
7444
4142
1702
7472
3205
1414
416
4078
3189
5902
5639
8040
3956
472
3557
2515
886
6922
8185
2576
9252
350
7739
9941
5402
1985
1155
4804
1671
2394
9726
9371
3867
8893
7342
5686
5896
4184
2422
2926
5651
9061
1987
2082
6292
8482
5570
9231
1596
7908
3013
9195
2088
5633
6555
3028
4901
1890
3118
2583
5648
9415
9408
392
5247
4374
9127
5079
9343
8715
9607
63
5502
5122
7296
2474
5357
7427
5235
8018
2569
8417
5841
1680
8288
4117
4962
8968
9603
9725
8013
129
1111
9054
9516
7129
6026
9570
2953
8222
9181
1237
379
7408
2763
2182
1390
7565
8919
4469
7724
1317
8648
3463
9401
8156
4345
4465
9867
8696
9128
5493
3235
6104
3999
678
3626
6988
698
2882
3545
9172
4140
4764
4528
3782
1703
1676
5604
6174
5887
2725
5352
5095
5454
893
4711
2032
7482
7972
3533
7861
5860
7012
838
7531
514
8450
5907
3233
1379
1070
4708
4418
6669
5340
9805
1879
8037
499
2643
9566
7520
1458
3599
2273
7463
9363
5150
1407
8972
55
1045
7994
7428
2636
8443
6453
4292
5190
9619
2815
1393
8333
7405
9990
5319
2400
7002
757
7323
825
7132
1910
8427
4509
9960
2667
5956
7828
4375
2587
3452
1428
1172
5510
4368
5107
3518
2159
545
4338
1597
7176
8779
6012
5854
2590
8904
2257
4064
2268
2544
7058
5497
8436
9620
7901
835
3328
4768
5479
268
2227
3528
6207
6571
3239
5345
2850
6490
3936
2507
1008
5615
9451
1843
5821
5545
2904
9011
2398
5641
325
66
6491
5246
5565
5100
3146
7377
878
5885
5660
593
8734
4476
121
432
6514
4223
1250
6985
459
6262
4092
4161
620
4859
1864
8975
3378
5576
4449
5541
8289
8770
6838
1247
9886
1422
2077
7013
1281
7820
1471
9816
3610
5551
5883
6339
3925
2201
7037
7507
8544
5577
9520
378
6812
6337
2129
2490
4490
7818
1275
7105
5514
9862
522
6579
746
1451
8857
5159
6921
8117
3957
2699
2691
8440
9199
7575
2372
8394
2782
8457
2979
7489
4529
6941
5752
5220
5977
1793
4624
8926
5718
8407
2721
7108
669
1521
196
2789
5996
5258
7146
7304
1988
1374
1857
2548
5949
160
9051
3776
8987
9567
6511
5223
324
9610
9732
4482
2180
573
8420
5026
3946
4397
9396
6224
2311
663
2472
7339
1561
9
9963
8989
1978
2928
9890
2417
1185
2443
10000
9792
2328
5561
2509
9169
5548
3288
7480
9871
3622
9411
2670
444
686
1759
5145
2897
9193
1227
1138
7538
8714
5233
1086
6179
6297
8091
210
384
8327
8270
3415
2226
8262
315
4412
6850
4989
6154
1278
1312
9275
5578
2663
4241
3058
5704
7941
5524
1065
5419
5971
3416
3302
2354
70
3596
4662
6407
5175
6040
8702
9065
1251
8181
6781
2777
3405
6294
9859
3952
7637
2186
2109
7510
2029
6522
9582
5013
1995
7454
356
3836
9925
7453
4653
9101
4399
9154
2785
6368
1481
4018
8227
1249
3717
7426
9815
5464
1338
366
9510
5271
9468
7703
7079
2989
5255
7355
3869
4213
5503
1907
7010
861
4328
9105
2390
7231
284
935
7458
1243
3360
9526
2075
8120
7384
7956
5011
3726
9016
6202
3466
887
2852
8548
3491
2083
6431
7896
4145
2718
5234
8895
9644
2588
8967
5632
8011
9950
4488
2949
1210
3109
4546
6284
6016
2717
3745
9145
1626
5828
263
3943
6233
8161
2653
7615
4946
2700
2101
7288
5575
7676
1897
9222
6883
4599
2267
4380
7699
6170
1556
3275
726
6050
7171
1343
4333
4672
2652
3280
5554
8877
22
8556
2269
3551
6535
5612
1771
8495
5008
5301
4205
4186
6041
3241
1149
1872
8115
4820
708
1060
9943
5505
8844
6060
3468
6225
8051
187
902
4660
2683
7245
6348
5849
302
1894
2033
2137
2963
4419
808
5975
6049
628
4459
8761
8718
1305
3781
312
9184
3662
6534
1901
3542
515
6114
2215
6794
787
8160
4738
1572
8239
3992
1587
4372
4076
5184
5459
4420
2669
2501
6001
7752
6227
4863
1712
9299
8512
9811
9484
8465
3277
2034
5341
6310
1440
2711
3849
9104
7771
3684
5791
3430
2450
201
7038
6254
5401
6944
8312
7851
237
8700
9122
9300
5893
6177
6993
1146
3828
3027
3663
5867
4107
1623
7854
2597
6344
279
1807
8472
2014
3995
2773
4873
9724
8562
3160
8658
3503
7843
5069
9357
27
9013
922
712
1710
5160
5037
9994
3056
1017
7346
4133
2091
43
5582
947
2063
7557
2573
951
5914
7445
1120
7710
6234
3793
4253
3846
4774
7263
2000
7307
5988
784
6691
9271
2251
9273
4320
550
1480
8314
720
6024
671
8154
9173
2384
6855
6482
3535
2646
3051
4938
533
12
9093
706
5652
2549
5115
4426
5004
5135
332
1296
6859
4296
1007
1647
551
7855
9575
5484
410
4144
1485
7772
62
9370
2469
1443
4580
3176
6967
5706
734
5180
3101
5492
3571
9646
6903
694
7140
9712
2835
2320
5724
9930
7133
2377
5009
5879
7653
2543
5045
9376
1246
9954
824
6014
7260
2767
3835
6088
9563
4295
9397
3664
3407
3063
2348
6561
334
8565
5084
1880
999
570
9494
7647
9191
9431
1115
3798
5938
5038
1211
6371
3682
1789
579
7137
525
7092
7409
5947
5265
3085
7613
5099
6303
7798
8811
2825
5494
3742
2035
8382
2618
5625
4257
3898
7657
8861
4900
8386
9129
3207
3983
2520
6351
6266
9887
8207
2118
1139
274
4258
9262
3295
3550
1934
8746
5800
8938
676
5771
240
9872
9282
6137
8477
2037
688
317
8639
6681
7261
4651
3400
9106
1824
8448
6983
9503
6203
2870
5096
1486
3770
4507
5865
4536
4196
9504
3195
6306
1151
8287
5003
5377
7468
5653
2218
9786
7014
7184
6075
3115
118
4527
2765
2552
4384
2315
7630
4567
9507
4889
9653
1039
9657
6717
5474
6992
2930
5120
9784
9828
3820
605
5511
9372
1353
4489
716
6761
6893
6463
7579
9972
5034
6422
7814
9512
3391
8225
9974
7188
4029
2466
7314
2393
9336
270
4188
1444
6986
6322
7764
727
9561
4353
8788
6736
3480
3148
6946
1919
8535
797
5794
116
5963
3945
6731
453
54
3632
3138
577
2175
7759
7060
859
7473
2719
5092
1999
574
1341
6200
6817
2726
1806
2634
1588
236
2439
5002
4634
5716
8839
1986
7744
2748
4121
7913
4943
4203
6061
322
9457
2514
6264
7645
2485
8370
1599
1303
9159
1193
1310
1459
2912
2249
9995
3033
9207
9884
2812
3017
1272
3892
2757
4349
7594
3199
3868
1126
674
3847
1605
640
6349
2905
7872
8264
5756
7807
3788
6732
6484
5461
7550
5950
8377
2028
3630
3731
5616
9829
3372
1869
2048
786
4456
9918
480
8325
6716
1279
6593
3420
3093
6585
8381
1484
3432
9932
8445
5636
6614
9103
9868
7404
3794
8039
9471
6674
8332
7209
3337
992
287
8106
456
140
8744
8210
9546
9991
6809
1285
4592
8485
4232
2157
6695
4239
1568
1613
6782
3338
4826
5732
7862
6909
8396
6246
2558
9152
2005
6039
1667
7629
5232
9573
6394
8660
5509
1822
6999
18
5989
5397
4525
1921
8080
4952
9019
1542
589
5117
2530
1282
1752
8522
9010
3394
4688
7220
8618
7866
9957
1046
2972
7007
2542
4313
8419
2977
8476
6074
6774
266
7799
967
6316
4035
6936
7907
4552
3278
3173
374
4865
7783
6127
9758
3924
596
6726
3743
1825
7044
6528
4453
6574
8984
9296
261
4501
1025
6998
3738
4633
883
2105
4143
1740
3955
3700
812
1811
198
3719
9023
6335
7470
863
2603
3993
8837
1990
5478
6540
6244
4903
8583
1398
4739
7267
6007
7051
2909
7500
4100
7286
2116
1022
8513
6276
3554
9544
6008
5943
6542
3500
1366
3484
7096
8090
7711
6275
1382
2917
2359
500
5610
944
7625
2339
2831
8791
9100
3274
8722
4788
5611
6565
8337
1498
3651
6030
3030
6240
9142
1235
212
1234
8892
7767
1863
2839
8590
1871
1214
2089
1638
4355
6150
4265
3441
1584
9158
5908
7353
5755
4953
6239
1087
7227
7490
1762
3149
6147
2329
3154
3119
9156
1119
1024
6128
6954
9517
9339
9955
4371
4091
307
1892
7548
2931
5811
7028
4216
4470
6964
9239
8316
4919
4978
8020
1530
4156
2908
8179
9364
8200
4835
4392
6428
6191
7599
4750
8214
7487
7640
1165
6978
860
1606
9418
4612
5912
7675
2103
5820
7592
4960
4736
103
7273
8668
756
1884
6112
169
333
2464
6018
9830
6089
19
7272
2993
5572
5351
8463
5925
2479
4297
5890
7681
9788
5022
3714
1494
1586
9554
7692
5471
1348
267
4815
6875
56
1883
9099
8586
2184
6586
4468
581
4550
6578
7990
8326
7211
1570
2559
2361
2878
3145
6176
1904
9102
4961
377
9399
4806
9958
1529
710
8976
5277
7200
7605
5041
8279
4485
8025
6458
3370
3012
9407
300
8014
4542
2145
9036
7877
9500
4947
9482
8914
4248
5337
654
9287
8846
969
5222
9716
1749
4009
6073
4984
2624
6124
4515
9387
1750
5060
7398
6283
8941
3605
1323
8935
2363
9591
3576
5766
5897
5734
5980
9627
2496
86
8024
8323
1874
6996
1219
3977
3777
8439
8150
1633
6370
2114
7166
2494
3966
5147
5838
5678
185
9045
8680
5682
6955
657
4638
1383
8909
3574
4
7827
744
9067
8031
7597
4148
857
5507
5635
5564
8038
9801
1878
9094
4080
9151
3810
3049
960
8271
7800
1946
4792
7069
5598
6885
7024
2592
7145
4373
4759
6364
6395
1180
5937
2988
8610
1020
7511
4484
395
2461
7729
1084
5876
6634
3624
8008
789
6032
297
9840
672
9454
8961
1737
9443
8539
8808
9182
3157
4250
6696
9501
5523
3155
3990
6094
7041
6493
3802
7786
6884
404
8363
2365
625
4443
5607
8694
3031
6931
5327
6659
5083
6755
6658
2929
9892
2868
8789
3560
949
9026
7089
6785
7955
7182
4981
6409
5924
4635
871
4317
8313
7607
4836
8787
4983
6789
3291
4985
983
1252
174
1468
5052
8258
9689
7834
6423
2611
791
9200
273
2395
126
1212
4860
8054
529
2630
3895
9812
5661
2240
4773
8171
4895
316
97
6046
5400
4642
5218
6506
2729
6028
8469
6069
3765
7180
1649
9843
3386
9297
9662
3135
9170
4440
6839
8876
1505
8466
2823
1067
2367
282
9068
1909
8491
7361
2715
5297
3756
4915
3728
9452
1707
3735
4414
208
896
8143
289
2915
3244
2046
8828
2840
7385
9852
5054
9135
5488
8506
7018
219
8585
8243
161
2538
5406
7903
745
7708
1936
2304
1730
7284
6442
3822
9641
1290
2371
4341
8071
189
9202
3502
6194
2749
9132
3746
4112
2512
6365
1601
8619
4579
5455
7790
2111
3120
1483
8952
6721
8221
8550
4102
8373
3870
2655
3933
7202
7189
275
3271
6725
5500
8344
7291
6290
8701
337
3834
2883
5799
1751
9044
1711
2470
8213
9730
122
4448
6636
2846
8936
194
3060
98
929
4577
8689
9175
9490
1508
1955
9755
2722
1036
8134
2397
38
3559
1969
7459
3889
6918
1660
1719
5417
8453
1813
2834
7514
7023
3318
6321
9693
7373
6538
7733
895
3178
4742
5993
5244
7763
4869
2723
1594
5664
2847
1462
505
6745
8123
6661
9942
3450
3180
4606
5606
5531
9479
6077
6957
4065
5670
8823
1610
3096
8006
3856
1906
8566
1797
6517
8359
7330
2676
7247
411
1184
8233
1668
9171
9480
1791
7689
3801
5320
7780
7225
2529
3865
4723
3016
2875
3286
7547
1117
8435
7987
2523
7856
1928
4225
216
3289
2309
2609
3891
4336
2946
9883
2231
4553
6480
9650
9778
8636
3536
4728
1389
382
7961
2296
2096
5927
7644
1186
9819
7125
2022
8302
561
6100
6959
4556
5842
9700
1775
8105
5228
9306
5323
4293
6182
566
590
2013
1783
2341
3940
6441
3884
5694
391
1801
3813
1081
5267
6866
4955
8692
2004
3426
2730
8229
1645
5256
5182
6530
4585
7936
5086
2707
6166
3920
4620
9921
2059
2220
7076
3396
8196
8442
1456
9781
6258
4067
7983
9489
502
9948
3281
7230
4868
5559
3522
1199
8360
9737
2873
9018
102
9699
3237
85
4800
5211
8557
7947
3871
7512
8204
1727
1030
495
4614
2252
753
9636
9947
1509
4048
6860
8932
9858
2202
6232
3702
6825
205
4518
5094
8219
5336
4478
2020
2356
7192
7048
3270
7496
1627
9749
7959
6119
6
6867
8563
7022
1834
2736
2800
9731
5167
468
7545
9549
552
4259
3768
8097
6876
1230
4132
233
3088
8950
7031
8432
7578
9261
8121
4779
5153
1800
1373
5767
1355
469
8170
8388
8362
9622
3419
8560
8940
762
6324
6229
8970
1849
6122
6640
3608
2675
3880
2336
6301
7801
8612
9976
2892
7773
4056
530
231
4763
3512
2902
7148
7001
3962
6937
9681
7439
5928
3919
1354
3994
6912
4929
6603
8125
7213
5740
2740
6384
5093
9256
9338
491
1268
2604
1454
5868
9077
3351
7143
7895
9875
872
1277
1851
290
8755
768
4413
1924
7656
6082
2546
508
6590
9425
9756
9708
7685
9022
4404
3047
2148
2828
5898
9736
9594
5560
5589
8481
3177
1261
8530
3516
6217
5964
2001
1782
7648
9795
6562
7336
9229
4934
5714
8085
3284
7085
5946
4543
3073
3799
7111
1434
8528
1677
6450
4045
6971
7246
8953
2688
5533
5312
5815
3592
3928
3159
1411
2943
1507
5383
2680
6621
7262
6587
1923
9179
3445
2426
2209
8274
8882
8064
6509
234
2208
9136
6153
4131
6489
251
1917
5314
3100
3960
9223
8817
8947
1057
2289
908
5875
6810
9638
8414
6643
264
5075
8806
2778
4818
7302
5346
3556
1402
5655
225
3683
3818
3490
8751
7988
4718
8945
6328
1182
8853
2547
9729
979
9477
3621
8891
7967
3575
8403
3024
1091
5044
5935
4748
5239
4079
2550
9309
642
1510
4519
7073
8475
3971
1448
504
1018
9289
1322
6136
8594
7185
2710
9508
5231
7838
9458
295
3225
7691
692
8086
7502
4924
6892
7492
9131
460
780
5411
9713
1652
4684
9198
3186
1244
1705
7789
3812
8109
5556
2205
3821
1524
9025
8188
4615
9007
1688
8076
7127
403
1731
7639
5596
9860
8849
2876
2374
6440
3689
4013
2838
3021
4605
3240
6580
5176
7266
956
9139
8756
478
5857
6255
1925
6619
5603
6553
8408
1916
2985
3204
8103
4175
2222
2468
1226
1112
4576
2999
1686
2581
1796
991
4909
1679
7536
5118
7162
531
7333
9590
4044
7436
1545
6616
8441
8249
2986
2539
3350
2790
4671
7732
9686
1882
7138
5837
4167
6421
1076
6683
2983
5141
5613
2285
8186
3547
2053
3609
8342
6237
2247
9617
7666
3814
1602
3481
1254
465
2859
6302
3029
9597
4208
2141
4785
5747
6709
4951
1738
8981
1895
5201
6352
9347
1406
4315
7697
9439
1154
3511
4827
5171
2848
1369
3505
3669
781
2806
9033
3494
5684
5790
3973
6488
1306
3074
2563
9767
9710
8836
6473
283
452
2528
9089
1216
931
4954
8832
3403
6583
9989
1805
3530
239
6121
798
7754
9695
5624
4912
3787
375
2292
3771
1309
2705
2526
8872
6017
6947
1307
4193
6338
7043
5039
7890
4103
1363
5954
5522
2961
3749
793
258
4878
6256
8620
3639
5749
5177
4085
9779
562
3046
4068
64
8939
3094
8933
1048
9059
1847
6915
7117
3203
940
6146
466
5743
813
2104
415
4081
8617
1202
9647
8515
1118
7039
6710
6205
8729
1431
8049
9124
9214
7898
8685
9456
8331
8144
4054
7887
9066
3497
7585
7451
4560
6405
3054
7638
4979
5845
1764
7794
3329
2069
9317
8842
3082
1280
1994
6452
1029
1043
5162
7694
8635
13
740
9097
4805
8834
6296
2040
3111
5864
3321
4217
9421
4334
3693
2629
7998
6552
9707
5105
5736
7858
9227
6701
1997
8869
3152
7412
4973
6653
183
675
9360
7825
8397
4332
568
3513
1583
8672
2331
6076
5070
3523
3322
1544
6963
5663
6021
5776
8282
73
4511
6637
8431
7886
5460
7840
9384
9793
9531
926
9351
5750
4914
2360
580
6777
2567
7696
1228
6211
7417
9899
7136
2239
4339
3139
899
3300
862
693
5067
4230
4434
9481
3929
6403
656
8088
8609
7065
9855
9298
8995
8461
8489
1516
2571
869
1105
7292
2677
9459
4291
1745
2345
1720
4648
6769
3424
7933
5568
5330
989
9909
7944
6741
9522
1224
1304
1027
4512
953
1554
3841
1472
7501
4964
6662
4685
4369
4756
8878
4136
9218
5185
6881
2692
617
2152
5138
9215
6425
2255
6101
7518
7954
4277
3262
2266
6157
8555
2203
6843
6288
9951
6515
7102
3059
3566
9337
9267
4817
5227
5708
4772
2429
8046
6215
5630
9935
1724
9063
7734
235
1695
6980
4754
9605
8847
9406
473
5181
2378
3558
5208
4940
2021
2599
3395
6274
2554
2265
4432
7331
5163
8516
5629
777
4617
9896
9301
5426
715
3333
79
4965
7636
9472
4436
8737
2734
4282
8747
9302
8237
6503
3304
6629
6108
1696
6834
5739
6974
4066
8372
152
