360
-210
646
-242
88
-692
515
-831
522
-772
738
-770
983
-115
424
-146
412
-278
162
-144
411
-928
410
-813
818
-327
784
-988
439
-587
700
-227
542
-88
527
-322
278
-330
123
-188
149
-325
521
-452
621
-520
406
-711
959
-500
516
-496
946
-440
901
-546
296
-635
164
-157
168
-939
362
-600
683
-363
658
-407
638
-562
640
-764
974
-463
850
-954
590
-350
538
-505
857
-107
265
-544
262
-23
694
-199
294
-900
146
-331
513
-454
35
-493
563
-430
244
-690
26
-67
236
-671
536
-989
1
-330
997
-838
783
-168
447
-306
671
-589
449
-10
371
-595
752
-113
905
-954
807
-835
302
-595
850
-871
430
-285
299
-310
978
-562
332
-186
95
-268
677
-791
321
-31
652
-354
491
-8
294
-521
439
-868
936
-884
14
-936
920
-809
843
-872
334
-786
819
-466
109
-516
116
-501
38
-798
628
-950
64
-93
614
-955
271
-12
256
-746
130
-330
337
-311
764
-830
354
-720
499
-377
104
-220
161
-464
746
-310
247
-619
113
-462
246
-489
771
-99
676
-823
985
-789
628
-995
900
-498
199
-164
803
-906
510
-669
202
-14
731
-350
875
-166
643
-915
49
-462
620
-426
654
-109
302
-515
12
-947
207
-103
296
-51
673
-47
600
-533
111
-252
148
-944
1000
-170
689
-830
511
-259
163
-113
713
-580
382
-385
805
-197
133
-107
98
-379
489
-950
177
-5
463
-265
73
-911
650
-801
584
-348
62
-265
406
-470
805
-352
610
-880
259
-153
761
-368
206
-526
126
-958
438
-170
715
-417
584
-534
440
-866
554
-799
136
-916
165
-695
526
-654
89
-195
393
-895
99
-185
672
-288
386
-721
4
-592
517
-207
769
-470
314
-629
765
-58
587
-281
714
-294
846
-144
234
-390
344
-950
502
-127
965
-745
402
-874
8
-230
463
-113
849
-458
841
-657
117
-556
202
-781
467
-546
853
-537
960
-390
359
-465
6
-212
299
-197
182
-696
450
-191
39
-583
943
-869
633
-445
860
-688
329
-354
697
-35
485
-457
128
-878
72
-576
400
-118
370
-530
220
-352
810
-936
473
-151
594
-522
333
-19
289
-611
488
-812
196
-685
173
-496
462
-61
151
-38
141
-418
533
-937
55
-782
753
-448
184
-270
647
-372
539
-396
103
-599
296
-723
680
-190
111
-956
685
-735
465
-938
503
-543
944
-142
309
-738
994
-470
94
-958
306
-751
412
-669
397
-450
516
-256
499
-751
191
-69
273
-59
353
-574
976
-472
424
-270
756
-953
436
-226
495
-529
306
-22
427
-862
879
-670
569
-240
96
-66
387
-541
540
-410
673
-863
288
-170
830
-788
148
-859
230
-197
799
-593
724
-976
907
-914
19
-387
966
-963
769
-242
364
-984
410
-273
944
-79
397
-862
311
-642
329
-911
609
-181
585
-535
9
-897
942
-438
695
-643
980
-735
995
-243
684
-994
161
-464
236
-457
196
-295
838
-785
714
-750
196
-998
606
-28
148
-618
738
-158
244
-949
198
-865
457
-660
645
-107
599
-596
387
-132
562
-564
391
-844
78
-930
380
-906
157
-887
844
-411
925
-533
394
-623
123
-715
998
-606
340
-97
225
-192
930
-676
15
-427
937
-786
817
-703
644
-281
687
-707
237
-516
1
-14
688
-541
843
-916
700
-653
754
-852
11
-257
887
-30
240
-326
198
-557
225
-364
907
-746
165
-963
915
-995
139
-294
114
-234
887
-397
847
-364
877
-521
934
-116
165
-566
538
-23
901
-877
748
-966
142
-95
645
-174
962
-476
854
-627
596
-502
832
-158
152
-219
927
-979
992
-553
997
-977
346
-519
172
-92
50
-208
510
-424
789
-418
26
-543
859
-767
168
-175
110
-278
46
-367
135
-529
252
-769
969
-408
349
-832
169
-1000
981
-119
353
-228
548
-423
653
-412
57
-839
101
-141
14
-60
403
-186
615
-453
126
-661
495
-64
963
-901
692
-582
364
-163
370
-980
855
-459
117
-93
654
-707
459
-290
980
-658
642
-523
401
-141
209
-618
535
-989
355
-908
260
-994
475
-467
61
-640
573
-784
719
-491
186
-777
895
-732
427
-215
273
-402
645
-541
345
-124
25
-73
794
-880
109
-84
60
-784
506
-296
285
-92
300
-25
294
-731
971
-200
70
-933
306
-581
392
-554
969
-374
434
-63
472
-113
667
-255
105
-833
235
-684
914
-392
342
-134
408
-53
889
-812
66
-799
364
-931
760
-301
226
-877
240
-421
289
-851
854
-797
924
-5
713
-15
198
-69
712
-952
440
-588
272
-551
54
-744
788
-451
426
-569
728
-631
904
-585
82
-994
31
-83
932
-184
235
-4
432
-28
250
-994
606
-554
571
-61
589
-309
602
-518
132
-585
961
-795
175
-408
585
-680
278
-472
497
-265
885
-155
178
-335
848
-360
262
-636
571
-845
572
-938
971
-791
285
-974
933
-760
782
-749
60
-795
149
-478
882
-271
60
-780
413
-710
311
-239
794
-624
790
-5
402
-107
859
-163
606
-753
200
-157
779
-182
561
-370
767
-767
473
-631
868
-385
958
-574
300
-41
743
-754
183
-746
321
-502
978
-89
267
-589
841
-939
508
-494
154
-18
738
-506
504
-769
884
-149
458
-244
143
-30
674
-11
638
-56
985
-460
83
-999
772
-720
700
-218
347
-356
745
-321
989
-589
540
-468
264
-453
231
-25
952
-458
544
-434
979
-458
160
-695
356
-341
242
-670
287
-396
923
-901
896
-363
789
-799
127
-715
12
-863
475
-910
725
-212
621
-334
144
-963
92
-89
855
-962
906
-344
342
-158
61
-616
489
-160
190
-692
568
-963
717
-512
221
-287
606
-416
828
-117
377
-931
709
-662
138
-293
436
-504
127
-33
175
-823
854
-858
819
-768
333
-904
874
-639
166
-288
153
-291
319
-142
157
-846
521
-71
846
-933
136
-817
621
-392
744
-605
906
-986
656
-392
446
-977
226
-106
559
-158
264
-882
489
-434
33
-441
162
-494
579
-989
104
-461
10
-341
346
-761
761
-112
611
-881
693
-177
756
-317
660
-622
974
-722
39
-642
617
-187
154
-396
744
-489
351
-93
840
-881
528
-438
811
-212
278
-220
433
-436
840
-69
941
-17
719
-711
146
-188
590
-115
788
-474
794
-887
972
-135
850
-884
349
-556
693
-878
816
-93
56
-174
816
-215
477
-624
134
-525
488
-593
608
-348
920
-141
981
-199
193
-27
116
-438
553
-42
211
-878
185
-14
111
-789
603
-619
507
-110
698
-232
785
-254
332
-173
879
-248
471
-65
848
-390
445
-27
119
-523
164
-532
76
-887
509
-642
260
-520
149
-116
700
-38
114
-457
966
-123
970
-268
502
-712
904
-391
957
-672
191
-988
929
-25
48
-79
350
-209
226
-805
807
-117
668
-667
943
-887
547
-448
21
-678
500
-885
933
-377
681
-620
364
-548
865
-219
119
-518
238
-965
577
-29
902
-845
201
-929
666
-977
677
-702
383
-782
687
-981
961
-948
701
-291
361
-444
519
-232
72
-236
783
-666
34
-263
993
-382
411
-503
12
-920
24
-978
632
-694
314
-972
585
-976
49
-634
546
-664
908
-878
684
-469
680
-296
3
-249
28
-982
892
-446
349
-117
897
-71
692
-919
766
-188
965
-294
540
-835
331
-247
107
-924
321
-171
633
-524
519
-648
547
-243
707
-529
501
-364
544
-512
57
-476
829
-704
269
-440
936
-691
99
-574
460
-712
712
-949
452
-902
765
-782
260
-268
464
-358
508
-968
585
-890
747
-998
152
-383
197
-285
862
-34
798
-787
278
-369
222
-382
397
-507
852
-494
636
-426
761
-478
408
-903
322
-884
244
-614
256
-366
612
-338
672
-533
669
-746
662
-433
159
-554
806
-508
194
-565
975
-546
938
-907
849
-57
809
-425
68
-727
92
-247
94
-229
182
-187
552
-229
883
-501
266
-19
24
-377
769
-627
675
-798
923
-100
647
-121
442
-592
73
-835
772
-188
205
-171
70
-731
580
-690
860
-86
87
-950
963
-209
829
-920
406
-650
714
-832
164
-891
571
-172
627
-17
624
-402
79
-937
273
-946
342
-57
91
-38
311
-444
380
-131
561
-101
895
-82
978
-110
344
-135
693
-693
620
-114
80
-3
439
-686
230
-624
419
-307
538
-108
301
-176
949
-18
467
-259
417
-500
718
-454
475
-873
605
-541
195
-115
403
-62
908
-690
398
-795
325
-625
948
-568
516
-120
830
-543
189
-313
318
-509
72
-108
306
-555
411
-88
326
-228
119
-387
554
-742
951
-172
855
-368
461
-20
471
-209
218
-68
125
-98
224
-600
607
-228
529
-633
48
-359
995
-922
739
-404
237
-503
41
-456
694
-229
591
-281
427
-304
962
-785
628
-218
237
-320
884
-972
427
-806
508
-222
479
-995
921
-7
694
-545
14
-780
95
-222
681
-871
573
-264
83
-398
38
-61
808
-196
749
-550
953
-480
871
-318
597
-983
886
-191
883
-226
230
-95
266
-495
512
-488
660
-381
343
-544
101
-958
129
-144
212
-756
230
-407
720
-487
136
-564
547
-962
482
-919
458
-168
820
-191
196
-66
793
-524
424
-37
915
-766
906
-200
988
-776
75
-627
92
-994
562
-774
127
-981
477
-56
403
-930
898
-649
206
-207
880
-878
367
-661
750
-550
666
-277
995
-926
800
-313
311
-516
35
-480
906
-633
780
-28
721
-994
327
-744
83
-938
6
-820
933
-675
598
-860
928
-7
111
-562
863
-970
155
-586
668
-608
626
-713
842
-81
121
-708
574
-216
539
-62
950
-877
506
-954
422
-136
344
-846
76
-792
442
-581
405
-819
529
-957
255
-231
321
-941
406
-619
228
-831
313
-59
566
-535
390
-587
112
-166
680
-484
164
-45
687
-621
235
-129
230
-871
508
-49
660
-701
377
-282
580
-242
621
-842
657
-728
342
-255
44
-729
586
-614
666
-166
278
-638
135
-397
234
-680
193
-984
992
-959
416
-78
163
-428
965
-156
185
-29
117
-979
728
-605
567
-50
764
-411
377
-844
131
-736
10
-946
444
-13
468
-148
230
-382
217
-961
709
-478
205
-750
420
-595
874
-205
939
-6
121
-263
305
-157
948
-674
156
-722
928
-384
850
-672
910
-572
755
-975
601
-245
441
-371
241
-566
9
-271
891
-600
129
-782
27
-837
375
-112
740
-739
808
-210
784
-262
83
-332
634
-318
572
-972
92
-903
982
-47
892
-769
515
-914
703
-607
269
-220
794
-982
863
-834
147
-414
317
-347
78
-78
393
-300
922
-756
175
-463
642
-190
106
-312
61
-100
74
-217
257
-527
868
-785
675
-215
241
-908
137
-555
564
-350
375
-201
193
-815
287
-84
652
-289
325
-76
608
-821
635
-979
873
-686
4
-993
6
-883
462
-635
458
-201
167
-44
19
-329
798
-915
28
-786
322
-812
696
-615
594
-877
517
-32
467
-341
383
-212
810
-786
877
-698
409
-687
88
-110
896
-634
109
-50
317
-421
71
-656
822
-460
498
-210
385
-107
936
-910
260
-335
941
-880
522
-685
395
-673
93
-683
869
-55
281
-199
806
-802
136
-870
676
-558
36
-832
932
-786
420
-912
299
-15
21
-579
488
-385
96
-667
611
-215
743
-122
875
-203
902
-146
71
-77
253
-850
29
-155
601
-676
222
-6
130
-876
231
-222
374
-924
882
-737
246
-859
390
-300
622
-769
202
-590
834
-366
268
-358
198
-521
323
-566
408
-489
864
-414
124
-160
737
-147
747
-969
323
-990
4
-34
344
-642
811
-884
170
-747
491
-809
961
-825
872
-182
637
-534
411
-177
877
-693
666
-644
137
-447
884
-384
466
-170
907
-288
482
-244
101
-411
416
-830
298
-460
864
-249
783
-881
229
-275
148
-604
637
-358
440
-648
437
-150
945
-537
734
-111
223
-628
190
-442
789
-596
555
-108
785
-355
680
-318
857
-192
368
-489
752
-922
335
-279
114
-711
455
-58
661
-967
644
-775
472
-493
361
-879
376
-66
5
-758
309
-249
789
-38
572
-254
483
-853
457
-187
248
-318
531
-765
213
-934
108
-596
629
-401
913
-72
709
-865
739
-651
786
-473
831
-47
374
-494
179
-546
604
-873
546
-601
551
-434
362
-217
58
-906
433
-191
553
-503
514
-661
97
-98
913
-191
432
-679
884
-826
306
-99
578
-504
477
-549
700
-805
631
-455
176
-749
488
-961
989
-572
51
-153
737
-536
992
-703
348
-392
435
-589
564
-938
209
-521
93
-347
589
-357
853
-815
999
-554
340
-225
208
-498
824
-694
245
-357
208
-238
316
-123
727
-809
924
-905
639
-757
698
-946
263
-964
927
-200
846
-64
458
-481
123
-503
398
-671
872
-405
172
-50
166
-84
349
-750
61
-208
679
-577
577
-32
297
-781
759
-198
817
-364
111
-42
726
-907
889
-560
358
-867
825
-305
729
-345
524
-401
864
-250
351
-618
785
-892
451
-214
87
-413
684
-620
434
-152
303
-302
599
-309
678
-284
674
-859
217
-127
559
-189
150
-397
97
-950
98
-641
371
-408
249
-876
362
-815
530
-795
336
-998
356
-40
84
-822
349
-435
45
-137
294
-853
813
-639
528
-402
294
-917
809
-908
240
-292
937
-957
192
-375
955
-207
898
-310
20
-527
998
-247
672
-955
666
-199
58
-393
543
-352
184
-544
836
-269
933
-968
559
-256
330
-90
713
-983
611
-445
253
-751
892
-233
998
-319
745
-885
658
-51
720
-68
416
-772
801
-624
229
-29
840
-331
920
-729
418
-878
873
-693
946
-311
186
-662
872
-893
760
-413
911
-110
462
-143
726
-514
411
-294
588
-564
659
-565
999
-591
84
-543
980
-482
840
-859
248
-85
948
-358
660
-727
366
-714
5
-198
171
-873
203
-892
314
-557
809
-663
768
-34
734
-685
127
-428
672
-97
383
-489
565
-914
551
-281
32
-426
3
-562
223
-384
87
-892
369
-768
532
-597
745
-38
818
-836
563
-300
293
-138
389
-4
797
-278
90
-386
421
-3
802
-15
603
-595
134
-69
768
-859
780
-172
613
-715
757
-507
209
-358
586
-575
621
-830
408
-779
981
-772
877
-375
692
-252
54
-945
531
-30
74
-590
239
-697
371
-559
297
-556
864
-892
42
-477
711
-178
984
-905
16
-932
512
-900
855
-328
269
-106
19
-866
441
-984
351
-948
882
-141
899
-752
907
-725
32
-779
990
-130
895
-760
759
-169
463
-825
116
-872
117
-71
243
-702
577
-115
286
-213
307
-147
329
-4
817
-798
447
-98
467
-406
19
-390
296
-764
907
-46
498
-365
224
-833
246
-785
554
-983
989
-257
3
-977
668
-755
737
-560
53
-335
223
-672
190
-613
81
-842
204
-602
749
-157
917
-456
981
-381
62
-913
448
-656
810
-556
995
-680
688
-414
927
-146
114
-201
135
-988
104
-445
820
-283
83
-680
893
-446
43
-587
684
-408
711
-564
811
-782
481
-826
332
-297
690
-630
598
-948
349
-519
260
-125
653
-428
733
-868
289
-372
334
-114
304
-732
621
-340
995
-375
362
-728
783
-722
478
-55
774
-969
971
-530
296
-318
394
-329
905
-295
807
-811
300
-521
444
-194
190
-648
517
-461
382
-485
228
-777
245
-108
375
-783
453
-20
25
-903
97
-376
26
-367
16
-658
985
-3
82
-465
740
-983
351
-344
2
-417
819
-279
463
-3
429
-116
998
-712
45
-457
215
-976
356
-77
557
-812
706
-731
115
-696
585
-924
707
-410
807
-161
867
-509
532
-956
608
-729
116
-710
316
-175
13
-218
201
-840
899
-815
967
-355
576
-70
232
-371
134
-226
380
-101
458
-138
208
-473
926
-117
773
-347
237
-164
724
-247
236
-808
464
-888
386
-614
774
-555
868
-139
542
-970
295
-594
887
-110
166
-836
417
-775
443
-277
863
-801
746
-681
254
-984
175
-316
462
-808
122
-405
445
-669
850
-556
601
-37
352
-372
305
-914
645
-306
377
-396
712
-141
80
-256
70
-996
96
-450
322
-701
356
-767
668
-504
2
-344
155
-422
620
-644
241
-827
564
-351
119
-725
378
-16
636
-863
8
-1000
662
-974
416
-973
65
-639
478
-237
672
-629
969
-348
47
-953
362
-929
592
-24
676
-837
983
-533
391
-313
141
-925
423
-156
419
-133
229
-590
360
-299
116
-803
778
-691
749
-840
902
-146
583
-127
521
-62
183
-431
123
-830
507
-17
316
-14
483
-499
955
-857
134
-110
965
-715
89
-451
506
-743
893
-609
48
-286
414
-767
453
-401
966
-358
87
-805
115
-782
517
-227
393
-598
515
-835
818
-793
666
-433
696
-561
266
-985
15
-600
948
-25
33
-912
782
-520
757
-412
947
-997
97
-74
223
-214
171
-95
831
-688
924
-572
234
-828
820
-247
964
-546
159
-398
211
-142
736
-377
458
-39
626
-214
339
-108
619
-218
626
-133
45
-332
824
-785
267
-819
468
-719
407
-749
719
-171
950
-609
751
-219
791
-801
873
-662
682
-74
310
-319
278
-573
201
-940
467
-722
800
-315
57
-844
319
-796
233
-793
967
-772
844
-798
504
-34
424
-379
708
-153
330
-884
584
-679
351
-558
608
-329
205
-650
922
-694
679
-302
165
-472
285
-65
372
-905
314
-379
581
-414
179
-753
119
-503
980
-85
904
-147
284
-79
167
-578
520
-431
284
-654
135
-276
135
-791
453
-276
669
-747
66
-195
477
-48
237
-33
490
-417
953
-779
53
-651
91
-985
144
-660
89
-467
936
-306
942
-919
742
-63
614
-965
173
-573
555
-913
581
-431
200
-534
953
-52
988
-184
398
-367
88
-869
264
-391
447
-266
311
-611
743
-60
132
-258
315
-929
160
-137
223
-432
531
-373
551
-989
316
-326
177
-382
144
-379
614
-215
55
-105
775
-533
327
-240
694
-119
709
-84
774
-956
824
-171
909
-370
536
-26
513
-606
852
-895
255
-66
528
-996
80
-651
663
-960
280
-159
214
-177
972
-824
174
-883
33
-606
626
-438
278
-714
416
-107
497
-373
537
-505
16
-597
933
-805
487
-40
751
-394
604
-200
117
-126
394
-416
108
-141
242
-976
944
-699
867
-669
20
-960
394
-338
990
-732
782
-431
709
-539
990
-200
39
-785
707
-428
878
-705
155
-909
680
-285
629
-479
21
-354
433
-319
672
-821
476
-163
432
-294
154
-925
333
-912
427
-413
716
-890
387
-562
405
-43
504
-431
464
-522
888
-693
736
-623
31
-981
683
-790
416
-679
388
-323
941
-905
462
-397
606
-856
222
-180
368
-186
910
-77
312
-240
461
-421
111
-560
973
-298
599
-711
169
-349
721
-394
209
-291
275
-816
626
-477
723
-685
687
-970
754
-2
629
-637
36
-123
847
-917
986
-203
746
-374
153
-585
684
-951
314
-476
170
-531
300
-687
572
-987
428
-729
626
-698
244
-661
188
-716
128
-749
871
-312
401
-110
815
-533
125
-280
62
-535
686
-886
185
-261
216
-531
112
-121
152
-897
511
-332
872
-725
662
-697
119
-941
293
-169
713
-709
32
-792
426
-347
526
-233
576
-789
48
-23
817
-812
454
-618
251
-203
756
-93
290
-11
101
-523
283
-145
767
-340
591
-470
791
-898
460
-763
449
-750
938
-989
644
-371
125
-130
478
-668
120
-642
411
-215
131
-421
767
-579
360
-62
296
-857
882
-417
480
-569
425
-428
966
-183
427
-553
612
-45
843
-150
285
-417
450
-508
692
-183
445
-22
865
-11
1
-441
13
-966
426
-924
920
-428
79
-703
716
-475
983
-846
353
-873
604
-236
385
-177
20
-649
643
-236
236
-6
92
-247
857
-382
616
-959
158
-439
565
-216
298
-133
762
-685
344
-274
722
-433
870
-478
563
-356
965
-701
4
-585
200
-575
925
-283
243
-644
886
-446
760
-271
839
-548
698
-568
17
-478
976
-260
776
-115
865
-651
830
-847
743
-175
734
-953
286
-381
561
-138
457
-721
841
-766
304
-73
303
-298
791
-704
975
-960
413
-296
573
-499
844
-542
664
-199
893
-992
622
-841
870
-441
116
-895
737
-213
663
-980
458
-187
840
-198
610
-27
604
-465
571
-842
751
-39
985
-208
84
-830
325
-885
177
-395
578
-55
180
-402
321
-259
605
-68
423
-128
251
-88
150
-580
800
-627
422
-512
236
-306
115
-501
312
-416
956
-964
447
-686
152
-985
584
-864
292
-377
556
-538
551
-269
196
-940
633
-338
101
-812
776
-991
572
-671
3
-868
293
-473
948
-136
150
-534
961
-941
267
-303
47
-757
641
-111
54
-669
850
-256
942
-335
266
-220
811
-415
469
-283
961
-726
638
-501
147
-663
567
-303
187
-22
898
-933
320
-25
373
-648
716
-60
961
-470
555
-744
347
-698
793
-623
456
-109
684
-167
807
-561
191
-327
366
-208
8
-143
521
-600
72
-774
832
-583
777
-563
773
-117
220
-261
297
-286
425
-121
90
-938
369
-549
854
-804
540
-298
595
-960
624
-898
161
-754
937
-3
469
-356
21
-589
850
-705
476
-962
499
-145
180
-838
347
-283
231
-237
575
-835
521
-391
633
-495
971
-690
684
-354
576
-129
776
-390
695
-442
294
-506
323
-5
822
-34
301
-47
424
-276
277
-364
459
-728
429
-888
415
-104
880
-700
955
-844
166
-809
286
-86
254
-747
733
-168
8
-857
381
-775
865
-164
895
-719
448
-38
659
-287
66
-900
880
-510
943
-384
739
-288
244
-894
778
-843
581
-526
494
-144
733
-637
760
-697
26
-85
201
-343
481
-793
894
-747
359
-363
635
-347
421
-377
873
-231
560
-642
215
-5
730
-926
409
-584
34
-511
257
-684
493
-446
467
-262
440
-317
496
-677
984
-709
486
-484
531
-548
230
-634
25
-563
474
-337
781
-935
263
-986
750
-352
811
-318
742
-333
742
-903
571
-608
159
-315
25
-767
727
-895
957
-136
240
-910
250
-954
802
-726
836
-995
258
-597
884
-9
625
-599
798
-939
355
-65
524
-392
26
-92
138
-637
919
-167
482
-787
252
-164
546
-236
79
-599
991
-718
17
-985
494
-450
210
-503
315
-156
833
-489
859
-769
34
-626
7
-398
472
-148
401
-726
630
-937
689
-570
136
-49
18
-608
973
-367
528
-925
466
-417
994
-715
293
-70
770
-776
871
-757
58
-231
857
-124
850
-3
192
-12
418
-328
226
-453
188
-541
478
-428
314
-448
968
-101
943
-329
406
-141
512
-31
624
-773
675
-883
545
-694
848
-197
229
-875
17
-243
205
-913
356
-161
716
-91
791
-198
9
-403
187
-949
474
-484
841
-86
848
-311
480
-652
953
-401
380
-806
116
-486
151
-906
480
-68
213
-429
840
-395
711
-565
90
-206
478
-757
648
-85
893
-459
986
-441
560
-256
999
-522
185
-799
564
-980
259
-431
968
-787
262
-673
830
-147
159
-735
34
-881
867
-69
273
-317
913
-193
914
-706
243
-788
536
-493
981
-963
700
-888
638
-643
594
-590
852
-957
505
-711
930
-23
740
-240
278
-322
263
-804
354
-437
315
-531
390
-535
622
-198
193
-474
562
-260
828
-883
243
-799
400
-414
700
-687
349
-955
238
-834
806
-777
882
-291
459
-339
782
-12
381
-30
276
-858
486
-67
816
-806
326
-831
963
-815
555
-640
596
-861
949
-888
362
-313
142
-180
93
-670
325
-238
510
-630
555
-472
640
-59
181
-65
622
-804
442
-982
720
-666
967
-472
679
-137
775
-111
917
-894
901
-791
690
-571
409
-516
425
-405
22
-752
422
-917
296
-1
730
-566
994
-166
817
-981
840
-137
286
-70
110
-474
487
-426
125
-525
239
-123
894
-310
27
-340
273
-528
329
-569
646
-967
384
-936
895
-894
381
-673
194
-314
616
-681
495
-567
238
-459
718
-838
823
-196
330
-155
119
-831
720
-761
855
-356
432
-534
176
-527
372
-379
964
-877
926
-814
725
-1000
342
-892
299
-154
660
-608
516
-188
777
-130
686
-153
649
-991
268
-304
182
-809
243
-506
841
-968
864
-635
140
-487
181
-690
105
-973
407
-645
187
-945
396
-429
756
-338
219
-807
66
-677
524
-589
86
-890
820
-421
7
-189
307
-98
534
-622
420
-440
443
-946
736
-227
439
-97
900
-544
100
-263
217
-297
723
-572
169
-386
969
-138
576
-93
694
-635
312
-595
504
-269
515
-773
492
-831
972
-757
920
-325
230
-535
1
-310
748
-369
632
-403
580
-346
510
-520
363
-323
201
-381
291
-490
401
-271
42
-591
185
-983
506
-547
300
-344
413
-889
947
-466
3
-187
105
-964
645
-77
626
-626
878
-652
426
-312
47
-853
532
-759
630
-618
951
-63
169
-91
158
-412
872
-954
395
-783
951
-706
64
-407
76
-556
300
-765
334
-108
260
-441
50
-46
652
-936
562
-787
82
-624
105
-147
526
-773
743
-431
436
-449
380
-630
561
-421
288
-617
27
-842
339
-598
886
-57
656
-855
197
-714
958
-276
762
-60
275
-941
354
-700
76
-551
632
-97
478
-480
813
-796
3
-655
804
-896
758
-80
820
-645
710
-161
148
-315
988
-834
285
-784
515
-319
800
-349
212
-806
676
-558
611
-860
728
-460
934
-933
347
-829
992
-87
991
-473
148
-741
910
-530
754
-58
976
-578
713
-772
921
-804
692
-362
268
-212
585
-760
801
-439
410
-324
882
-550
752
-614
510
-355
562
-166
681
-8
222
-944
964
-184
99
-931
595
-140
887
-84
533
-629
248
-754
200
-168
465
-739
26
-139
623
-225
117
-701
351
-790
806
-455
225
-526
891
-821
165
-535
176
-350
601
-370
267
-345
231
-219
435
-304
566
-719
336
-562
90
-963
209
-759
53
-3
461
-610
520
-189
550
-913
626
-459
864
-789
298
-910
244
-426
873
-212
363
-782
168
-655
33
-316
308
-348
453
-484
70
-748
920
-753
254
-945
895
-395
938
-209
275
-48
714
-672
426
-426
1
-718
514
-599
473
-618
665
-363
223
-712
481
-941
620
-998
865
-432
827
-72
421
-696
344
-356
27
-660
38
-163
867
-937
566
-339
626
-362
648
-206
779
-713
924
-397
18
-909
900
-445
402
-27
184
-202
171
-116
875
-293
317
-582
132
-680
773
-883
402
-32
974
-193
111
-504
147
-24
242
-305
535
-429
793
-986
995
-503
934
-706
112
-866
881
-612
232
-892
204
-923
122
-287
348
-951
612
-37
213
-94
573
-234
451
-891
991
-799
971
-430
764
-290
110
-588
685
-267
161
-2
86
-735
858
-902
107
-240
738
-191
894
-567
741
-867
101
-420
627
-782
385
-658
339
-417
179
-243
148
-613
583
-322
358
-619
416
-689
379
-326
198
-470
717
-146
53
-937
921
-638
159
-681
659
-192
409
-98
235
-467
362
-172
640
-743
430
-768
951
-46
155
-505
870
-950
164
-216
126
-526
500
-137
134
-964
624
-926
414
-262
435
-850
447
-156
671
-106
759
-700
777
-317
920
-86
63
-46
895
-298
930
-568
288
-599
199
-122
893
-132
967
-45
186
-219
727
-961
203
-799
678
-992
39
-751
119
-346
128
-969
773
-54
394
-738
722
-835
562
-188
985
-366
2
-916
154
-964
993
-945
272
-213
429
-623
728
-205
257
-535
381
-372
847
-547
564
-336
913
-148
787
-550
524
-941
528
-135
853
-468
898
-18
214
-823
976
-135
969
-891
817
-328
437
-301
731
-3
164
-83
1000
-468
163
-200
665
-818
79
-91
988
-186
841
-78
991
-76
187
-197
572
-629
819
-1
204
-731
615
-944
575
-377
545
-683
921
-834
329
-308
558
-175
421
-266
501
-115
764
-811
325
-479
898
-835
925
-189
904
-936
644
-909
721
-432
256
-630
908
-380
487
-824
180
-505
619
-524
131
-194
352
-393
468
-854
366
-273
342
-530
192
-725
366
-466
978
-555
166
-667
745
-730
780
-169
359
-251
185
-497
222
-440
822
-353
729
-545
406
-809
327
-743
518
-795
652
-955
318
-962
508
-278
220
-304
699
-147
850
-95
465
-263
44
-699
18
-353
850
-407
348
-989
328
-500
315
-289
446
-552
167
-730
388
-823
592
-492
797
-627
365
-426
720
-140
706
-759
818
-625
244
-448
667
-142
930
-169
134
-203
919
-462
554
-571
26
-985
693
-720
334
-847
878
-253
432
-165
95
-623
50
-694
293
-487
308
-578
295
-82
109
-750
298
-121
814
-932
209
-751
608
-118
818
-65
972
-376
247
-177
707
-785
631
-662
478
-932
326
-158
936
-21
561
-475
791
-839
110
-315
767
-235
105
-251
65
-151
842
-249
100
-770
310
-467
886
-36
789
-153
177
-735
262
-779
834
-140
724
-142
176
-240
448
-76
291
-736
812
-596
810
-657
175
-8
463
-443
878
-558
573
-616
870
-998
15
-182
918
-502
742
-676
89
-898
261
-983
415
-182
828
-721
583
-163
231
-11
424
-70
807
-489
580
-82
469
-1000
283
-436
961
-34
591
-215
98
-444
32
-525
967
-395
265
-374
149
-149
359
-292
379
-194
592
-234
214
-275
135
-359
785
-893
190
-189
365
-410
563
-121
902
-440
106
-303
993
-452
317
-975
785
-552
500
-399
540
-74
239
-707
257
-24
491
-734
933
-888
901
-344
450
-391
958
-165
409
-885
338
-483
426
-822
311
-28
499
-138
49
-832
141
-672
162
-288
359
-880
781
-952
695
-684
359
-212
217
-249
370
-987
234
-501
374
-76
925
-371
278
-630
512
-532
3
-474
382
-550
24
-283
210
-617
643
-322
313
-444
987
-317
440
-732
923
-469
950
-311
185
-263
820
-675
229
-466
257
-598
143
-54
47
-228
65
-213
780
-321
66
-397
486
-279
592
-660
396
-126
933
-915
900
-217
49
-711
867
-780
212
-235
167
-71
936
-831
835
-182
555
-84
704
-157
816
-714
642
-577
716
-740
203
-560
249
-121
293
-556
769
-433
766
-836
740
-131
565
-206
270
-440
311
-28
475
-98
100
-638
820
-632
827
-454
672
-878
257
-620
976
-411
456
-700
903
-693
478
-203
3
-954
287
-134
552
-339
836
-766
289
-291
722
-976
270
-682
745
-840
946
-941
775
-522
977
-860
563
-650
183
-36
418
-757
512
-616
935
-781
88
-75
174
-568
464
-5
315
-934
809
-856
920
-549
623
-431
320
-809
871
-835
981
-393
12
-798
260
-123
139
-611
161
-700
195
-719
300
-87
831
-52
888
-21
777
-248
958
-980
389
-445
98
-415
620
-674
465
-679
532
-812
607
-755
731
-301
185
-591
572
-138
811
-61
132
-51
237
-769
768
-225
892
-194
563
-95
250
-764
164
-819
559
-901
596
-857
540
-21
130
-224
735
-361
483
-783
155
-913
173
-922
970
-885
293
-595
710
-884
935
-117
488
-354
83
-267
25
-563
663
-328
37
-120
649
-498
182
-940
196
-118
28
-645
676
-161
416
-562
499
-557
854
-956
228
-68
904
-849
377
-826
813
-311
39
-93
362
-351
233
-277
342
-454
65
-6
471
-529
901
-559
293
-374
943
-926
149
-959
307
-364
970
-318
394
-391
963
-185
121
-620
87
-221
412
-654
564
-346
321
-441
653
-143
10
-717
90
-160
613
-999
997
-534
390
-671
167
-665
739
-163
222
-406
848
-799
873
-747
671
-735
559
-474
92
-814
216
-605
189
-526
956
-47
651
-157
340
-497
219
-458
717
-329
653
-85
880
-975
295
-110
888
-55
279
-578
181
-625
569
-369
694
-568
538
-993
995
-587
835
-807
520
-434
305
-52
403
-173
62
-882
416
-793
503
-722
189
-448
461
-285
443
-863
1000
-579
770
-216
5
-88
487
-585
137
-977
226
-326
250
-298
997
-879
874
-957
286
-688
89
-175
771
-326
800
-798
508
-366
387
-853
48
-918
626
-306
644
-611
5
-711
925
-900
57
-776
303
-937
194
-309
699
-168
485
-465
96
-446
544
-300
272
-950
15
-456
938
-734
237
-420
38
-192
657
-719
459
-691
68
-279
961
-157
604
-771
55
-122
747
-980
663
-655
241
-1000
245
-167
794
-535
670
-755
166
-985
618
-251
978
-762
231
-352
481
-31
845
-681
55
-397
60
-180
518
-877
545
-718
252
-119
650
-876
435
-777
962
-841
318
-829
45
-656
65
-658
516
-902
782
-682
180
-891
550
-887
351
-519
102
-499
140
-762
205
-76
764
-631
561
-574
682
-554
967
-801
10
-827
993
-532
472
-972
645
-318
687
-114
126
-309
654
-339
238
-365
142
-520
440
-180
828
-994
695
-250
972
-781
162
-832
853
-392
479
-827
1000
-263
725
-74
113
-232
567
-177
378
-922
639
-853
869
-461
188
-244
10
-278
272
-122
460
-682
289
-75
82
-73
334
-423
192
-364
626
-576
132
-561
652
-199
398
-7
356
-967
135
-508
421
-507
502
-448
460
-801
57
-200
349
-317
742
-7
56
-221
570
-912
948
-847
337
-981
363
-714
807
-3
321
-52
727
-35
516
-920
280
-950
871
-773
822
-996
329
-596
564
-283
675
-922
469
-733
322
-148
424
-311
387
-759
323
-425
867
-842
666
-394
455
-163
593
-871
506
-743
467
-618
62
-182
262
-373
430
-577
700
-92
291
-767
245
-384
400
-546
153
-329
768
-864
121
-65
265
-730
355
-220
356
-601
801
-14
289
-488
937
-655
429
-251
652
-359
923
-356
234
-427
400
-339
901
-627
389
-759
643
-393
95
-556
67
-952
435
-650
263
-209
441
-24
830
-424
696
-544
562
-953
757
-715
549
-783
730
-847
965
-547
140
-706
669
-26
307
-191
265
-124
771
-428
712
-494
360
-721
43
-357
850
-342
534
-412
167
-251
198
-352
563
-875
175
-67
887
-986
349
-355
987
-72
922
-770
312
-373
448
-835
453
-122
693
-993
216
-912
249
-282
67
-563
464
-607
994
-840
245
-374
225
-262
472
-977
826
-893
643
-329
93
-329
973
-6
712
-452
714
-493
990
-16
692
-166
816
-568
40
-212
189
-410
489
-186
283
-814
136
-979
161
-717
439
-577
9
-88
43
-977
716
-679
391
-543
565
-815
303
-877
251
-79
156
-134
451
-199
177
-962
454
-676
291
-29
803
-901
740
-702
334
-702
167
-678
727
-683
622
-109
250
-300
668
-340
394
-587
480
-929
580
-563
936
-340
959
-492
747
-709
751
-209
545
-885
261
-620
312
-678
665
-273
955
-949
749
-7
181
-550
281
-95
685
-178
777
-67
576
-96
353
-252
604
-800
657
-372
415
-446
771
-66
995
-516
765
-237
815
-344
634
-501
615
-920
777
-812
378
-872
296
-202
360
-49
833
-496
249
-554
65
-469
648
-59
201
-609
984
-586
669
-34
569
-863
245
-240
386
-838
714
-97
992
-500
31
-920
398
-383
591
-166
936
-750
99
-686
380
-327
795
-385
81
-315
339
-926
205
-818
573
-816
144
-496
457
-949
842
-583
332
-486
137
-623
723
-572
851
-273
559
-205
985
-230
42
-689
312
-656
779
-107
441
-426
667
-388
540
-259
25
-145
145
-454
108
-759
655
-893
163
-457
458
-272
316
-128
768
-890
161
-541
857
-5
901
-581
119
-597
937
-865
36
-728
635
-415
375
-506
201
-99
22
-632
435
-380
308
-518
56
-668
126
-173
847
-830
735
-853
384
-981
108
-182
389
-733
306
-466
15
-171
986
-551
905
-931
995
-372
220
-773
654
-679
290
-41
654
-477
334
-488
913
-177
318
-101
517
-265
146
-411
665
-261
495
-355
737
-475
162
-513
602
-859
985
-672
194
-695
842
-752
906
-358
585
-585
872
-658
882
-523
734
-309
55
-798
106
-473
982
-429
80
-263
514
-186
86
-752
836
-206
658
-815
68
-51
125
-810
132
-882
999
-122
33
-873
746
-710
696
-640
748
-688
582
-636
817
-542
16
-548
425
-675
852
-129
898
-289
601
-959
263
-714
894
-152
542
-680
354
-433
962
-408
561
-273
964
-775
40
-608
988
-268
52
-255
14
-476
850
-131
164
-146
715
-300
409
-231
993
-345
765
-630
744
-181
102
-996
328
-835
7
-683
590
-53
574
-615
811
-626
403
-799
517
-739
851
-311
251
-350
888
-604
297
-682
805
-901
298
-484
778
-561
260
-189
18
-855
58
-224
597
-473
969
-883
746
-158
761
-936
475
-998
482
-214
310
-67
247
-384
170
-16
584
-777
469
-77
378
-557
313
-964
838
-797
707
-705
75
-365
891
-985
888
-263
955
-324
406
-238
413
-411
802
-535
101
-617
709
-608
545
-711
832
-218
701
-859
120
-603
717
-878
90
-979
236
-126
515
-493
797
-635
817
-850
196
-335
817
-572
828
-271
696
-551
123
-376
717
-64
712
-640
829
-890
852
-857
470
-954
972
-812
877
-755
542
-639
587
-350
136
-407
865
-294
213
-797
570
-82
290
-508
726
-234
315
-276
398
-404
30
-767
142
-570
826
-833
635
-984
639
-675
231
-666
708
-72
752
-256
454
-547
397
-385
480
-341
308
-9
521
-482
931
-761
462
-196
627
-467
14
-685
155
-155
222
-907
576
-773
72
-352
766
-552
562
-628
792
-470
30
-819
456
-55
475
-147
459
-779
184
-912
394
-232
143
-617
56
-776
566
-244
616
-244
186
-40
415
-380
75
-650
899
-868
538
-716
397
-708
735
-806
637
-410
285
-989
603
-576
151
-395
870
-343
202
-338
546
-556
834
-514
740
-887
927
-814
354
-242
817
-943
255
-157
510
-145
286
-288
904
-859
635
-144
312
-205
612
-90
610
-818
53
-262
56
-100
305
-776
211
-623
618
-353
885
-644
210
-440
154
-722
445
-959
436
-93
559
-875
572
-654
455
-574
644
-277
308
-339
221
-134
224
-110
437
-164
256
-799
196
-135
98
-617
989
-39
478
-622
119
-498
613
-118
301
-951
814
-547
915
-44
389
-795
255
-954
963
-218
927
-414
633
-837
428
-252
663
-634
553
-635
147
-257
64
-576
940
-770
926
-198
320
-395
145
-432
961
-17
277
-749
919
-403
968
-513
746
-905
818
-311
834
-108
820
-619
100
-199
466
-236
267
-515
895
-389
955
-404
283
-295
55
-532
678
-761
253
-451
132
-659
569
-160
857
-894
106
-898
801
-861
719
-143
836
-613
994
-725
344
-560
397
-371
620
-96
367
-666
725
-303
161
-192
610
-32
857
-834
676
-232
256
-911
520
-370
106
-902
573
-205
784
-965
50
-117
797
-805
195
-170
798
-95
320
-955
293
-374
612
-192
401
-620
182
-477
751
-498
860
-643
796
-965
18
-981
982
-32
830
-403
304
-48
583
-812
581
-702
861
-633
17
-323
711
-419
192
-930
613
-275
162
-351
281
-531
255
-294
712
-160
868
-702
489
-14
832
-681
625
-570
320
-347
59
-387
805
-938
571
-307
877
-439
524
-423
863
-145
878
-516
480
-515
888
-491
915
-630
783
-655
100
-819
454
-26
354
-389
715
-882
899
-297
252
-737
914
-410
220
-130
95
-186
31
-246
946
-566
642
-136
54
-46
300
-227
785
-320
971
-188
515
-101
603
-594
604
-559
28
-960
637
-337
718
-445
280
-286
817
-345
58
-799
789
-874
749
-765
846
-304
107
-421
725
-439
427
-741
889
-208
341
-462
108
-216
374
-266
735
-36
618
-803
806
-85
875
-744
433
-870
703
-432
562
-440
133
-530
934
-307
968
-644
409
-878
107
-430
477
-366
347
-753
690
-517
405
-581
883
-871
139
-605
251
-571
990
-679
925
-438
261
-900
274
-452
332
-862
511
-143
462
-968
426
-763
976
-127
368
-966
34
-644
95
-946
547
-247
788
-349
70
-228
794
-202
694
-862
180
-164
456
-20
88
-915
159
-884
827
-734
427
-202
222
-321
763
-251
816
-732
883
-263
412
-803
381
-801
6
-886
380
-204
712
-30
87
-41
192
-198
566
-820
165
-915
455
-484
648
-873
315
-65
456
-168
186
-218
449
-150
759
-366
386
-572
921
-414
327
-723
408
-863
78
-451
824
-650
226
-532
201
-518
70
-376
773
-493
259
-277
164
-281
284
-900
437
-499
115
-692
657
-554
474
-38
327
-611
871
-45
171
-520
814
-131
403
-881
974
-182
79
-324
581
-697
454
-717
408
-577
942
-601
994
-300
37
-391
148
-990
874
-310
744
-869
428
-804
522
-536
65
-72
366
-468
270
-530
741
-988
305
-82
278
-766
992
-609
174
-987
854
-951
926
-469
795
-3
128
-352
606
-869
369
-524
935
-144
420
-588
281
-805
753
-933
438
-589
808
-165
238
-884
841
-481
442
-318
176
-663
820
-466
253
-807
247
-829
945
-199
598
-28
130
-647
571
-600
188
-231
865
-800
79
-952
449
-463
373
-87
165
-300
271
-30
147
-302
363
-383
492
-67
547
-958
960
-811
770
-756
794
-102
762
-187
786
-272
321
-753
501
-946
796
-147
679
-60
426
-564
105
-588
428
-756
585
-893
218
-298
404
-818
881
-602
174
-598
596
-987
182
-278
186
-993
34
-365
846
-950
702
-186
650
-996
843
-900
192
-232
487
-345
778
-937
692
-577
522
-683
997
-772
413
-359
647
-203
153
-172
761
-888
652
-909
614
-868
786
-865
900
-30
699
-565
255
-681
817
-267
52
-34
549
-507
780
-732
781
-801
491
-104
636
-848
379
-139
138
-375
968
-908
864
-808
488
-43
734
-438
168
-184
42
-982
3
-331
815
-193
183
-628
54
-178
218
-259
727
-36
471
-635
449
-126
802
-701
620
-432
68
-799
161
-574
348
-458
381
-330
704
-880
210
-293
665
-566
464
-438
912
-362
514
-660
906
-868
907
-60
896
-788
969
-797
49
-72
436
-308
975
-110
481
-119
917
-772
869
-807
690
-99
84
-135
810
-525
989
-154
61
-463
67
-248
316
-213
644
-855
342
-255
978
-617
396
-526
162
-770
95
-412
660
-71
548
-512
208
-392
356
-854
694
-8
699
-427
340
-469
238
-116
998
-551
910
-725
494
-201
390
-692
720
-699
444
-253
289
-244
517
-619
790
-792
839
-83
413
-980
609
-308
897
-872
4
-900
531
-216
86
-702
7
-230
956
-661
158
-372
989
-76
250
-332
347
-775
59
-690
22
-195
761
-730
506
-81
759
-709
982
-580
181
-946
203
-211
377
-967
462
-676
189
-431
664
-448
63
-680
352
-650
141
-593
975
-768
419
-514
284
-416
770
-296
804
-322
102
-73
735
-186
929
-266
878
-226
487
-97
577
-286
37
-491
837
-973
467
-426
253
-104
312
-727
725
-168
439
-109
526
-151
993
-46
640
-390
242
-862
349
-815
7
-984
104
-293
297
-181
218
-49
713
-710
482
-909
174
-798
861
-978
320
-81
826
-837
23
-978
315
-469
632
-266
512
-976
237
-274
597
-453
241
-126
765
-144
66
-30
597
-360
150
-229
326
-993
291
-928
260
-382
206
-637
477
-955
892
-217
750
-764
955
-138
455
-585
175
-597
525
-108
499
-77
11
-2
713
-723
483
-200
592
-22
337
-379
780
-344
563
-385
766
-14
394
-466
659
-602
2
-120
893
-645
400
-763
726
-505
754
-872
354
-62
101
-385
419
-825
88
-379
747
-650
580
-554
833
-841
437
-575
458
-735
720
-205
758
-914
476
-74
218
-806
863
-34
462
-888
602
-577
526
-69
980
-612
553
-138
125
-339
608
-929
112
-569
747
-535
912
-955
164
-54
838
-839
293
-111
57
-138
354
-507
619
-619
927
-106
8
-565
106
-906
646
-564
614
-983
627
-438
164
-965
930
-207
68
-215
723
-868
115
-570
374
-665
63
-289
210
-200
40
-448
302
-746
677
-6
840
-922
729
-731
820
-36
495
-763
328
-97
232
-209
269
-614
96
-881
442
-733
229
-448
659
-537
250
-557
140
-378
381
-903
741
-116
169
-694
224
-527
103
-345
809
-664
332
-620
548
-115
988
-96
64
-980
600
-764
393
-948
339
-56
151
-222
265
-395
161
-786
927
-687
53
-347
79
-855
979
-379
230
-312
907
-305
407
-646
529
-247
445
-338
352
-801
126
-800
955
-772
923
-131
58
-540
233
-661
277
-542
504
-226
171
-56
920
-127
119
-947
845
-390
163
-884
16
-795
457
-202
803
-934
632
-507
150
-226
10
-990
443
-90
78
-253
686
-626
306
-643
379
-683
748
-47
135
-685
375
-222
976
-46
606
-762
475
-43
815
-632
428
-946
805
-494
51
-254
717
-249
319
-115
328
-251
617
-737
674
-756
550
-837
640
-689
217
-207
640
-215
909
-390
227
-76
901
-397
580
-881
525
-782
690
-50
461
-406
114
-618
690
-317
738
-716
617
-244
305
-150
990
-662
550
-190
122
-514
968
-6
556
-759
438
-208
842
-756
815
-912
246
-333
990
-170
388
-354
633
-20
862
-672
331
-575
870
-959
316
-423
344
-2
867
-885
675
-229
357
-537
741
-726
696
-686
889
-639
78
-963
181
-112
343
-23
340
-605
394
-161
759
-202
828
-870
733
-712
736
-97
409
-38
418
-360
43
-15
396
-319
492
-532
316
-287
682
-628
993
-805
413
-836
938
-814
467
-128
611
-194
576
-813
397
-701
828
-701
867
-561
410
-853
167
-602
125
-790
39
-521
400
-526
410
-541
571
-265
792
-7
781
-588
479
-253
141
-418
702
-344
735
-646
355
-878
686
-204
151
-823
463
-578
818
-843
15
-964
747
-641
447
-412
594
-672
68
-274
183
-342
665
-757
311
-92
467
-11
31
-3
465
-151
298
-132
82
-799
120
-459
868
-618
251
-355
306
-24
592
-917
88
-115
657
-790
628
-780
12
-594
4
-905
131
-339
554
-740
98
-835
940
-499
457
-2
892
-805
603
-46
566
-548
557
-214
586
-760
660
-127
13
-607
900
-335
826
-695
298
-5
994
-519
777
-707
990
-723
307
-322
352
-29
738
-835
524
-438
198
-242
119
-344
840
-203
44
-910
996
-38
69
-100
634
-789
250
-268
284
-35
21
-925
302
-887
122
-957
646
-496
309
-787
328
-898
215
-857
608
-259
319
-786
700
-887
348
-549
241
-252
1000
-115
55
-958
267
-809
261
-976
295
-80
377
-863
530
-177
275
-841
944
-525
802
-857
642
-329
846
-161
798
-721
561
-536
560
-19
428
-142
719
-551
276
-87
199
-808
125
-186
925
-617
536
-672
364
-218
887
-277
400
-694
463
-278
315
-216
729
-265
958
-757
966
-953
800
-487
375
-416
988
-572
65
-199
72
-252
89
-44
69
-808
474
-74
823
-739
525
-571
66
-114
246
-247
222
-866
421
-895
201
-656
821
-863
108
-267
754
-314
276
-492
555
-861
633
-97
464
-902
345
-689
669
-959
496
-569
126
-456
321
-512
310
-78
34
-10
248
-373
404
-420
120
-256
5
-20
893
-893
279
-22
166
-714
843
-84
819
-806
278
-381
334
-933
944
-629
944
-917
67
-429
809
-137
743
-720
851
-477
587
-95
152
-325
415
-535
96
-253
624
-192
160
-345
61
-703
951
-607
924
-999
372
-975
370
-910
675
-565
863
-688
353
-295
932
-895
119
-734
652
-762
928
-954
568
-654
560
-127
929
-680
80
-942
857
-150
475
-993
235
-135
912
-767
851
-437
920
-617
705
-873
715
-841
300
-172
216
-74
179
-395
730
-663
502
-920
960
-419
281
-151
845
-19
827
-780
285
-128
863
-316
648
-495
916
-294
168
-306
976
-5
28
-951
914
-359
229
-384
814
-299
437
-428
992
-316
66
-165
745
-420
988
-146
666
-550
556
-444
970
-441
956
-493
520
-173
897
-274
105
-390
238
-461
829
-387
790
-498
209
-558
45
-486
531
-991
918
-798
592
-392
503
-357
313
-544
908
-757
12
-626
521
-998
667
-350
742
-888
1000
-780
503
-251
340
-967
595
-101
316
-825
269
-894
696
-237
45
-368
64
-799
912
-600
628
-468
884
-384
693
-749
135
-506
485
-506
641
-625
538
-586
940
-855
225
-437
701
-160
20
-71
660
-996
192
-39
418
-723
614
-390
746
-239
388
-743
363
-890
480
-858
153
-529
969
-705
961
-300
424
-710
144
-369
305
-74
499
-433
27
-531
920
-873
641
-247
595
-519
381
-59
942
-495
127
-388
238
-288
261
-125
626
-316
25
-316
145
-142
72
-76
563
-676
808
-361
999
-27
403
-478
862
-936
584
-358
302
-676
928
-102
815
-587
344
-284
121
-731
885
-399
372
-285
144
-705
926
-84
580
-88
825
-97
962
-415
99
-339
749
-468
919
-380
443
-160
777
-973
86
-334
9
-917
24
-530
508
-889
262
-209
795
-642
833
-82
796
-737
870
-686
146
-780
676
-269
144
-399
609
-522
208
-26
543
-264
633
-476
813
-531
211
-985
700
-326
871
-59
559
-138
729
-355
179
-126
989
-769
651
-177
892
-706
730
-886
276
-830
550
-545
378
-597
126
-954
569
-469
247
-757
158
-972
178
-932
22
-9
358
-469
46
-593
466
-137
214
-69
125
-175
42
-862
401
-578
949
-35
888
-634
905
-757
247
-7
86
-726
502
-173
563
-172
917
-536
67
-559
138
-538
160
-597
522
-679
416
-450
410
-958
78
-412
505
-151
123
-636
477
-918
204
-53
907
-101
843
-874
111
-240
515
-186
843
-66
792
-128
545
-833
783
-873
627
-69
878
-511
331
-301
341
-226
208
-365
429
-205
277
-21
375
-564
852
-83
824
-230
538
-225
203
-321
68
-980
860
-912
167
-207
879
-128
1
-196
325
-501
388
-469
588
-739
879
-211
305
-385
404
-826
293
-445
724
-835
922
-440
578
-276
82
-640
684
-812
441
-905
280
-510
146
-590
77
-345
92
-989
536
-104
265
-616
565
-682
132
-922
694
-59
388
-489
562
-102
976
-649
859
-401
489
-984
726
-460
467
-406
286
-985
594
-544
916
-430
123
-10
815
-990
321
-727
821
-188
65
-612
661
-646
98
-15
652
-924
808
-817
63
-372
661
-145
99
-954
592
-511
279
-418
445
-616
788
-177
582
-908
284
-751
297
-143
592
-868
995
-617
729
-484
195
-26
608
-65
986
-361
77
-64
644
-982
823
-897
516
-561
675
-47
585
-749
971
-635
556
-754
281
-346
704
-30
448
-657
202
-639
485
-348
71
-212
605
-575
769
-729
434
-601
926
-32
225
-813
621
-239
822
-6
665
-247
900
-273
453
-290
497
-508
243
-480
462
-923
450
-831
41
-58
642
-715
502
-949
606
-530
509
-750
692
-184
274
-670
891
-114
501
-913
206
-342
862
-328
508
-285
498
-904
307
-28
710
-301
307
-161
109
-867
833
-424
764
-510
838
-173
743
-882
604
-982
753
-117
813
-124
267
-171
735
-447
511
-946
287
-410
468
-336
943
-792
667
-405
876
-988
204
-96
848
-977
289
-803
756
-697
295
-321
497
-770
23
-673
244
-747
456
-693
819
-412
982
-869
794
-451
760
-6
767
-334
836
-160
421
-600
141
-143
552
-100
829
-223
399
-763
67
-872
212
-29
740
-570
104
-895
450
-586
613
-975
431
-174
50
-470
894
-319
90
-673
300
-530
131
-495
374
-952
612
-335
971
-416
855
-649
643
-271
723
-113
779
-663
980
-829
682
-788
197
-492
783
-531
339
-778
23
-665
57
-974
813
-984
110
-873
882
-663
202
-941
453
-260
448
-634
854
-138
673
-382
680
-207
896
-33
779
-326
866
-478
346
-555
923
-764
253
-7
1000
-269
514
-609
807
-110
666
-789
170
-1000
79
-440
662
-437
806
-307
813
-573
256
-549
102
-876
750
-893
490
-985
193
-606
619
-479
149
-893
594
-463
319
-724
357
-301
141
-896
447
-67
323
-975
878
-275
819
-376
40
-7
108
-641
753
-25
669
-511
93
-872
866
-12
437
-424
839
-946
103
-748
250
-992
410
-480
529
-643
620
-617
250
-134
757
-573
841
-246
928
-822
904
-261
143
-34
126
-186
281
-999
32
-157
259
-998
490
-519
55
-245
332
-619
694
-581
224
-325
753
-643
679
-843
778
-604
405
-754
918
-316
202
-979
552
-896
222
-998
897
-792
354
-670
702
-245
521
-351
178
-605
365
-123
92
-642
622
-480
931
-416
797
-866
114
-653
476
-136
255
-740
622
-667
837
-380
532
-961
452
-387
961
-320
203
-156
226
-695
12
-317
11
-390
998
-246
781
-13
700
-745
207
-611
645
-764
253
-289
401
-934
411
-278
522
-426
346
-747
187
-502
11
-55
561
-725
723
-734
982
-877
57
-691
743
-981
831
-740
166
-342
203
-800
735
-208
242
-316
397
-383
183
-633
879
-28
504
-371
512
-856
385
-791
961
-155
991
-534
405
-240
144
-667
76
-127
586
-242
217
-9
709
-967
853
-581
857
-385
248
-864
603
-125
104
-520
989
-799
143
-858
874
-842
598
-487
920
-301
1000
-910
899
-242
628
-17
280
-905
189
-612
321
-881
232
-651
507
-415
183
-704
822
-965
385
-771
377
-931
186
-328
864
-981
271
-470
624
-964
658
-806
770
-262
437
-605
947
-906
236
-234
926
-319
441
-120
515
-237
803
-93
892
-357
872
-29
889
-928
425
-812
224
-407
711
-692
475
-552
137
-892
799
-125
134
-72
853
-868
44
-11
153
-282
741
-871
624
-10
298
-818
702
-991
468
-873
309
-777
462
-712
693
-585
318
-838
530
-253
770
-386
630
-219
886
-417
435
-818
52
-559
264
-868
242
-135
112
-444
717
-740
462
-328
989
-281
268
-501
214
-20
871
-319
867
-978
662
-427
702
-219
595
-583
731
-291
817
-617
835
-970
113
-746
187
-278
183
-777
471
-517
685
-632
125
-215
310
-396
599
-129
213
-705
394
-304
700
-476
436
-445
396
-892
949
-715
17
-614
723
-510
551
-62
45
-675
144
-92
872
-128
945
-96
733
-110
835
-755
395
-288
250
-324
142
-835
481
-454
62
-158
75
-534
490
-888
661
-581
447
-950
907
-732
484
-645
574
-537
79
-917
190
-662
114
-829
140
-509
881
-107
640
-307
165
-345
423
-978
750
-760
147
-286
134
-504
73
-35
25
-271
119
-653
164
-386
7
-485
458
-719
270
-25
536
-97
493
-984
800
-894
492
-96
229
-965
52
-230
487
-78
845
-547
464
-915
121
-159
