11
22
33
44
55
66
77
88
99
110
121
132
143
154
165
176
187
198
209
220
231
242
253
264
275
286
297
308
319
330
341
352
363
374
385
396
407
418
429
440
451
462
473
484
495
506
517
528
539
550
561
572
583
594
605
616
627
638
649
660
671
682
693
704
715
726
737
748
759
770
781
792
803
814
825
836
847
858
869
880
891
902
913
924
935
946
957
968
979
990
1001
1012
1023
1034
1045
1056
1067
1078
1089
1100
1111
1122
1133
1144
1155
1166
1177
1188
1199
1210
1221
1232
1243
1254
1265
1276
1287
1298
1309
1320
1331
1342
1353
1364
1375
1386
1397
1408
1419
1430
1441
1452
1463
1474
1485
1496
1507
1518
1529
1540
1551
1562
1573
1584
1595
1606
1617
1628
1639
1650
1661
1672
1683
1694
1705
1716
1727
1738
1749
1760
1771
1782
1793
1804
1815
1826
1837
1848
1859
1870
1881
1892
1903
1914
1925
1936
1947
1958
1969
1980
1991
2002
2013
2024
2035
2046
2057
2068
2079
2090
2101
2112
2123
2134
2145
2156
2167
2178
2189
2200
2211
2222
2233
2244
2255
2266
2277
2288
2299
2310
2321
2332
2343
2354
2365
2376
2387
2398
2409
2420
2431
2442
2453
2464
2475
2486
2497
2508
2519
2530
2541
2552
2563
2574
2585
2596
2607
2618
2629
2640
2651
2662
2673
2684
2695
2706
2717
2728
2739
2750
2761
2772
2783
2794
2805
2816
2827
2838
2849
2860
2871
2882
2893
2904
2915
2926
2937
2948
2959
2970
2981
2992
3003
3014
3025
3036
3047
3058
3069
3080
3091
3102
3113
3124
3135
3146
3157
3168
3179
3190
3201
3212
3223
3234
3245
3256
3267
3278
3289
3300
3311
3322
3333
3344
3355
3366
3377
3388
3399
3410
3421
3432
3443
3454
3465
3476
3487
3498
3509
3520
3531
3542
3553
3564
3575
3586
3597
3608
3619
3630
3641
3652
3663
3674
3685
3696
3707
3718
3729
3740
3751
3762
3773
3784
3795
3806
3817
3828
3839
3850
3861
3872
3883
3894
3905
3916
3927
3938
3949
3960
3971
3982
3993
4004
4015
4026
4037
4048
4059
4070
4081
4092
4103
4114
4125
4136
4147
4158
4169
4180
4191
4202
4213
4224
4235
4246
4257
4268
4279
4290
4301
4312
4323
4334
4345
4356
4367
4378
4389
4400
4411
4422
4433
4444
4455
4466
4477
4488
4499
4510
4521
4532
4543
4554
4565
4576
4587
4598
4609
4620
4631
4642
4653
4664
4675
4686
4697
4708
4719
4730
4741
4752
4763
4774
4785
4796
4807
4818
4829
4840
4851
4862
4873
4884
4895
4906
4917
4928
4939
4950
4961
4972
4983
4994
5005
5016
5027
5038
5049
5060
5071
5082
5093
5104
5115
5126
5137
5148
5159
5170
5181
5192
5203
5214
5225
5236
5247
5258
5269
5280
5291
5302
5313
5324
5335
5346
5357
5368
5379
5390
5401
5412
5423
5434
5445
5456
5467
5478
5489
5500
5511
5522
5533
5544
5555
5566
5577
5588
5599
5610
5621
5632
5643
5654
5665
5676
5687
5698
5709
5720
5731
5742
5753
5764
5775
5786
5797
5808
5819
5830
5841
5852
5863
5874
5885
5896
5907
5918
5929
5940
5951
5962
5973
5984
5995
6006
6017
6028
6039
6050
6061
6072
6083
6094
6105
6116
6127
6138
6149
6160
6171
6182
6193
6204
6215
6226
6237
6248
6259
6270
6281
6292
6303
6314
6325
6336
6347
6358
6369
6380
6391
6402
6413
6424
6435
6446
6457
6468
6479
6490
6501
6512
6523
6534
6545
6556
6567
6578
6589
6600
6611
6622
6633
6644
6655
6666
6677
6688
6699
6710
6721
6732
6743
6754
6765
6776
6787
6798
6809
6820
6831
6842
6853
6864
6875
6886
6897
6908
6919
6930
6941
6952
6963
6974
6985
6996
7007
7018
7029
7040
7051
7062
7073
7084
7095
7106
7117
7128
7139
7150
7161
7172
7183
7194
7205
7216
7227
7238
7249
7260
7271
7282
7293
7304
7315
7326
7337
7348
7359
7370
7381
7392
7403
7414
7425
7436
7447
7458
7469
7480
7491
7502
7513
7524
7535
7546
7557
7568
7579
7590
7601
7612
7623
7634
7645
7656
7667
7678
7689
7700
7711
7722
7733
7744
7755
7766
7777
7788
7799
7810
7821
7832
7843
7854
7865
7876
7887
7898
7909
7920
7931
7942
7953
7964
7975
7986
7997
8008
8019
8030
8041
8052
8063
8074
8085
8096
8107
8118
8129
8140
8151
8162
8173
8184
8195
8206
8217
8228
8239
8250
8261
8272
8283
8294
8305
8316
8327
8338
8349
8360
8371
8382
8393
8404
8415
8426
8437
8448
8459
8470
8481
8492
8503
8514
8525
8536
8547
8558
8569
8580
8591
8602
8613
8624
8635
8646
8657
8668
8679
8690
8701
8712
8723
8734
8745
8756
8767
8778
8789
8800
8811
8822
8833
8844
8855
8866
8877
8888
8899
8910
8921
8932
8943
8954
8965
8976
8987
8998
9009
9020
9031
9042
9053
9064
9075
9086
9097
9108
9119
9130
9141
9152
9163
9174
9185
9196
9207
9218
9229
9240
9251
9262
9273
9284
9295
9306
9317
9328
9339
9350
9361
9372
9383
9394
9405
9416
9427
9438
9449
9460
9471
9482
9493
9504
9515
9526
9537
9548
9559
9570
9581
9592
9603
9614
9625
9636
9647
9658
9669
9680
9691
9702
9713
9724
9735
9746
9757
9768
9779
9790
9801
9812
9823
9834
9845
9856
9867
9878
9889
9900
9911
9922
9933
9944
9955
9966
9977
9988
9999
10010
10021
10032
10043
10054
10065
10076
10087
10098
10109
10120
10131
10142
10153
10164
10175
10186
10197
10208
10219
10230
10241
10252
10263
10274
10285
10296
10307
10318
10329
10340
10351
10362
10373
10384
10395
10406
10417
10428
10439
10450
10461
10472
10483
10494
10505
10516
10527
10538
10549
10560
10571
10582
10593
10604
10615
10626
10637
10648
10659
10670
10681
10692
10703
10714
10725
10736
10747
10758
10769
10780
10791
10802
10813
10824
10835
10846
10857
10868
10879
10890
10901
10912
10923
10934
10945
10956
10967
10978
10989
11000
11011
11022
11033
11044
11055
11066
11077
11088
11099
11110
11121
11132
11143
11154
11165
11176
11187
11198
11209
11220
11231
11242
11253
11264
11275
11286
11297
11308
11319
11330
11341
11352
11363
11374
11385
11396
11407
11418
11429
11440
11451
11462
11473
11484
11495
11506
11517
11528
11539
11550
11561
11572
11583
11594
11605
11616
11627
11638
11649
11660
11671
11682
11693
11704
11715
11726
11737
11748
11759
11770
11781
11792
11803
11814
11825
11836
11847
11858
11869
11880
11891
11902
11913
11924
11935
11946
11957
11968
11979
11990
12001
12012
12023
12034
12045
12056
12067
12078
12089
12100
12111
12122
12133
12144
12155
12166
12177
12188
12199
12210
12221
12232
12243
12254
12265
12276
12287
12298
12309
12320
12331
12342
12353
12364
12375
12386
12397
12408
12419
12430
12441
12452
12463
12474
12485
12496
12507
12518
12529
12540
12551
12562
12573
12584
12595
12606
12617
12628
12639
12650
12661
12672
12683
12694
12705
12716
12727
12738
12749
12760
12771
12782
12793
12804
12815
12826
12837
12848
12859
12870
12881
12892
12903
12914
12925
12936
12947
12958
12969
12980
12991
13002
13013
13024
13035
13046
13057
13068
13079
13090
13101
13112
13123
13134
13145
13156
13167
13178
13189
13200
13211
13222
13233
13244
13255
13266
13277
13288
13299
13310
13321
13332
13343
13354
13365
13376
13387
13398
13409
13420
13431
13442
13453
13464
13475
13486
13497
13508
13519
13530
13541
13552
13563
13574
13585
13596
13607
13618
13629
13640
13651
13662
13673
13684
13695
13706
13717
13728
13739
13750
13761
13772
13783
13794
13805
13816
13827
13838
13849
13860
13871
13882
13893
13904
13915
13926
13937
13948
13959
13970
13981
13992
14003
14014
14025
14036
14047
14058
14069
14080
14091
14102
14113
14124
14135
14146
14157
14168
14179
14190
14201
14212
14223
14234
14245
14256
14267
14278
14289
14300
14311
14322
14333
14344
14355
14366
14377
14388
14399
14410
14421
14432
14443
14454
14465
14476
14487
14498
14509
14520
14531
14542
14553
14564
14575
14586
14597
14608
14619
14630
14641
14652
14663
14674
14685
14696
14707
14718
14729
14740
14751
14762
14773
14784
14795
14806
14817
14828
14839
14850
14861
14872
14883
14894
14905
14916
14927
14938
14949
14960
14971
14982
14993
15004
15015
15026
15037
15048
15059
15070
15081
15092
15103
15114
15125
15136
15147
15158
15169
15180
15191
15202
15213
15224
15235
15246
15257
15268
15279
15290
15301
15312
15323
15334
15345
15356
15367
15378
15389
15400
15411
15422
15433
15444
15455
15466
15477
15488
15499
15510
15521
15532
15543
15554
15565
15576
15587
15598
15609
15620
15631
15642
15653
15664
15675
15686
15697
15708
15719
15730
15741
15752
15763
15774
15785
15796
15807
15818
15829
15840
15851
15862
15873
15884
15895
15906
15917
15928
15939
15950
15961
15972
15983
15994
16005
16016
16027
16038
16049
16060
16071
16082
16093
16104
16115
16126
16137
16148
16159
16170
16181
16192
16203
16214
16225
16236
16247
16258
16269
16280
16291
16302
16313
16324
16335
16346
16357
16368
16379
16390
16401
16412
16423
16434
16445
16456
16467
16478
16489
16500
16511
16522
16533
16544
16555
16566
16577
16588
16599
16610
16621
16632
16643
16654
16665
16676
16687
16698
16709
16720
16731
16742
16753
16764
16775
16786
16797
16808
16819
16830
16841
16852
16863
16874
16885
16896
16907
16918
16929
16940
16951
16962
16973
16984
16995
17006
17017
17028
17039
17050
17061
17072
17083
17094
17105
17116
17127
17138
17149
17160
17171
17182
17193
17204
17215
17226
17237
17248
17259
17270
17281
17292
17303
17314
17325
17336
17347
17358
17369
17380
17391
17402
17413
17424
17435
17446
17457
17468
17479
17490
17501
17512
17523
17534
17545
17556
17567
17578
17589
17600
17611
17622
17633
17644
17655
17666
17677
17688
17699
17710
17721
17732
17743
17754
17765
17776
17787
17798
17809
17820
17831
17842
17853
17864
17875
17886
17897
17908
17919
17930
17941
17952
17963
17974
17985
17996
18007
18018
18029
18040
18051
18062
18073
18084
18095
18106
18117
18128
18139
18150
18161
18172
18183
18194
18205
18216
18227
18238
18249
18260
18271
18282
18293
18304
18315
18326
18337
18348
18359
18370
18381
18392
18403
18414
18425
18436
18447
18458
18469
18480
18491
18502
18513
18524
18535
18546
18557
18568
18579
18590
18601
18612
18623
18634
18645
18656
18667
18678
18689
18700
18711
18722
18733
18744
18755
18766
18777
18788
18799
18810
18821
18832
18843
18854
18865
18876
18887
18898
18909
18920
18931
18942
18953
18964
18975
18986
18997
19008
19019
19030
19041
19052
19063
19074
19085
19096
19107
19118
19129
19140
19151
19162
19173
19184
19195
19206
19217
19228
19239
19250
19261
19272
19283
19294
19305
19316
19327
19338
19349
19360
19371
19382
19393
19404
19415
19426
19437
19448
19459
19470
19481
19492
19503
19514
19525
19536
19547
19558
19569
19580
19591
19602
19613
19624
19635
19646
19657
19668
19679
19690
19701
19712
19723
19734
19745
19756
19767
19778
19789
19800
19811
19822
19833
19844
19855
19866
19877
19888
19899
19910
19921
19932
19943
19954
19965
19976
19987
19998
20009
20020
20031
20042
20053
20064
20075
20086
20097
20108
20119
20130
20141
20152
20163
20174
20185
20196
20207
20218
20229
20240
20251
20262
20273
20284
20295
20306
20317
20328
20339
20350
20361
20372
20383
20394
20405
20416
20427
20438
20449
20460
20471
20482
20493
20504
20515
20526
20537
20548
20559
20570
20581
20592
20603
20614
20625
20636
20647
20658
20669
20680
20691
20702
20713
20724
20735
20746
20757
20768
20779
20790
20801
20812
20823
20834
20845
20856
20867
20878
20889
20900
20911
20922
20933
20944
20955
20966
20977
20988
20999
21010
21021
21032
21043
21054
21065
21076
21087
21098
21109
21120
21131
21142
21153
21164
21175
21186
21197
21208
21219
21230
21241
21252
21263
21274
21285
21296
21307
21318
21329
21340
21351
21362
21373
21384
21395
21406
21417
21428
21439
21450
21461
21472
21483
21494
21505
21516
21527
21538
21549
21560
21571
21582
21593
21604
21615
21626
21637
21648
21659
21670
21681
21692
21703
21714
21725
21736
21747
21758
21769
21780
21791
21802
21813
21824
21835
21846
21857
21868
21879
21890
21901
21912
21923
21934
21945
21956
21967
21978
21989
22000
11
22
33
44
55
66
77
88
99
110
121
132
143
154
165
176
187
198
209
220
231
242
253
264
275
286
297
308
319
330
341
352
363
374
385
396
407
418
429
440
451
462
473
484
495
506
517
528
539
550
561
572
583
594
605
616
627
638
649
660
671
682
693
704
715
726
737
748
759
770
781
792
803
814
825
836
847
858
869
880
891
902
913
924
935
946
957
968
979
990
1001
1012
1023
1034
1045
1056
1067
1078
1089
1100
1111
1122
1133
1144
1155
1166
1177
1188
1199
1210
1221
1232
1243
1254
1265
1276
1287
1298
1309
1320
1331
1342
1353
1364
1375
1386
1397
1408
1419
1430
1441
1452
1463
1474
1485
1496
1507
1518
1529
1540
1551
1562
1573
1584
1595
1606
1617
1628
1639
1650
1661
1672
1683
1694
1705
1716
1727
1738
1749
1760
1771
1782
1793
1804
1815
1826
1837
1848
1859
1870
1881
1892
1903
1914
1925
1936
1947
1958
1969
1980
1991
2002
2013
2024
2035
2046
2057
2068
2079
2090
2101
2112
2123
2134
2145
2156
2167
2178
2189
2200
2211
2222
2233
2244
2255
2266
2277
2288
2299
2310
2321
2332
2343
2354
2365
2376
2387
2398
2409
2420
2431
2442
2453
2464
2475
2486
2497
2508
2519
2530
2541
2552
2563
2574
2585
2596
2607
2618
2629
2640
2651
2662
2673
2684
2695
2706
2717
2728
2739
2750
2761
2772
2783
2794
2805
2816
2827
2838
2849
2860
2871
2882
2893
2904
2915
2926
2937
2948
2959
2970
2981
2992
3003
3014
3025
3036
3047
3058
3069
3080
3091
3102
3113
3124
3135
3146
3157
3168
3179
3190
3201
3212
3223
3234
3245
3256
3267
3278
3289
3300
3311
3322
3333
3344
3355
3366
3377
3388
3399
3410
3421
3432
3443
3454
3465
3476
3487
3498
3509
3520
3531
3542
3553
3564
3575
3586
3597
3608
3619
3630
3641
3652
3663
3674
3685
3696
3707
3718
3729
3740
3751
3762
3773
3784
3795
3806
3817
3828
3839
3850
3861
3872
3883
3894
3905
3916
3927
3938
3949
3960
3971
3982
3993
4004
4015
4026
4037
4048
4059
4070
4081
4092
4103
4114
4125
4136
4147
4158
4169
4180
4191
4202
4213
4224
4235
4246
4257
4268
4279
4290
4301
4312
4323
4334
4345
4356
4367
4378
4389
4400
4411
4422
4433
4444
4455
4466
4477
4488
4499
4510
4521
4532
4543
4554
4565
4576
4587
4598
4609
4620
4631
4642
4653
4664
4675
4686
4697
4708
4719
4730
4741
4752
4763
4774
4785
4796
4807
4818
4829
4840
4851
4862
4873
4884
4895
4906
4917
4928
4939
4950
4961
4972
4983
4994
5005
5016
5027
5038
5049
5060
5071
5082
5093
5104
5115
5126
5137
5148
5159
5170
5181
5192
5203
5214
5225
5236
5247
5258
5269
5280
5291
5302
5313
5324
5335
5346
5357
5368
5379
5390
5401
5412
5423
5434
5445
5456
5467
5478
5489
5500
5511
5522
5533
5544
5555
5566
5577
5588
5599
5610
5621
5632
5643
5654
5665
5676
5687
5698
5709
5720
5731
5742
5753
5764
5775
5786
5797
5808
5819
5830
5841
5852
5863
5874
5885
5896
5907
5918
5929
5940
5951
5962
5973
5984
5995
6006
6017
6028
6039
6050
6061
6072
6083
6094
6105
6116
6127
6138
6149
6160
6171
6182
6193
6204
6215
6226
6237
6248
6259
6270
6281
6292
6303
6314
6325
6336
6347
6358
6369
6380
6391
6402
6413
6424
6435
6446
6457
6468
6479
6490
6501
6512
6523
6534
6545
6556
6567
6578
6589
6600
6611
6622
6633
6644
6655
6666
6677
6688
6699
6710
6721
6732
6743
6754
6765
6776
6787
6798
6809
6820
6831
6842
6853
6864
6875
6886
6897
6908
6919
6930
6941
6952
6963
6974
6985
6996
7007
7018
7029
7040
7051
7062
7073
7084
7095
7106
7117
7128
7139
7150
7161
7172
7183
7194
7205
7216
7227
7238
7249
7260
7271
7282
7293
7304
7315
7326
7337
7348
7359
7370
7381
7392
7403
7414
7425
7436
7447
7458
7469
7480
7491
7502
7513
7524
7535
7546
7557
7568
7579
7590
7601
7612
7623
7634
7645
7656
7667
7678
7689
7700
7711
7722
7733
7744
7755
7766
7777
7788
7799
7810
7821
7832
7843
7854
7865
7876
7887
7898
7909
7920
7931
7942
7953
7964
7975
7986
7997
8008
8019
8030
8041
8052
8063
8074
8085
8096
8107
8118
8129
8140
8151
8162
8173
8184
8195
8206
8217
8228
8239
8250
8261
8272
8283
8294
8305
8316
8327
8338
8349
8360
8371
8382
8393
8404
8415
8426
8437
8448
8459
8470
8481
8492
8503
8514
8525
8536
8547
8558
8569
8580
8591
8602
8613
8624
8635
8646
8657
8668
8679
8690
8701
8712
8723
8734
8745
8756
8767
8778
8789
8800
8811
8822
8833
8844
8855
8866
8877
8888
8899
8910
8921
8932
8943
8954
8965
8976
8987
8998
9009
9020
9031
9042
9053
9064
9075
9086
9097
9108
9119
9130
9141
9152
9163
9174
9185
9196
9207
9218
9229
9240
9251
9262
9273
9284
9295
9306
9317
9328
9339
9350
9361
9372
9383
9394
9405
9416
9427
9438
9449
9460
9471
9482
9493
9504
9515
9526
9537
9548
9559
9570
9581
9592
9603
9614
9625
9636
9647
9658
9669
9680
9691
9702
9713
9724
9735
9746
9757
9768
9779
9790
9801
9812
9823
9834
9845
9856
9867
9878
9889
9900
9911
9922
9933
9944
9955
9966
9977
9988
9999
10010
10021
10032
10043
10054
10065
10076
10087
10098
10109
10120
10131
10142
10153
10164
10175
10186
10197
10208
10219
10230
10241
10252
10263
10274
10285
10296
10307
10318
10329
10340
10351
10362
10373
10384
10395
10406
10417
10428
10439
10450
10461
10472
10483
10494
10505
10516
10527
10538
10549
10560
10571
10582
10593
10604
10615
10626
10637
10648
10659
10670
10681
10692
10703
10714
10725
10736
10747
10758
10769
10780
10791
10802
10813
10824
10835
10846
10857
10868
10879
10890
10901
10912
10923
10934
10945
10956
10967
10978
10989
11000
11011
11022
11033
11044
11055
11066
11077
11088
11099
11110
11121
11132
11143
11154
11165
11176
11187
11198
11209
11220
11231
11242
11253
11264
11275
11286
11297
11308
11319
11330
11341
11352
11363
11374
11385
11396
11407
11418
11429
11440
11451
11462
11473
11484
11495
11506
11517
11528
11539
11550
11561
11572
11583
11594
11605
11616
11627
11638
11649
11660
11671
11682
11693
11704
11715
11726
11737
11748
11759
11770
11781
11792
11803
11814
11825
11836
11847
11858
11869
11880
11891
11902
11913
11924
11935
11946
11957
11968
11979
11990
12001
12012
12023
12034
12045
12056
12067
12078
12089
12100
12111
12122
12133
12144
12155
12166
12177
12188
12199
12210
12221
12232
12243
12254
12265
12276
12287
12298
12309
12320
12331
12342
12353
12364
12375
12386
12397
12408
12419
12430
12441
12452
12463
12474
12485
12496
12507
12518
12529
12540
12551
12562
12573
12584
12595
12606
12617
12628
12639
12650
12661
12672
12683
12694
12705
12716
12727
12738
12749
12760
12771
12782
12793
12804
12815
12826
12837
12848
12859
12870
12881
12892
12903
12914
12925
12936
12947
12958
12969
12980
12991
13002
13013
13024
13035
13046
13057
13068
13079
13090
13101
13112
13123
13134
13145
13156
13167
13178
13189
13200
13211
13222
13233
13244
13255
13266
13277
13288
13299
13310
13321
13332
13343
13354
13365
13376
13387
13398
13409
13420
13431
13442
13453
13464
13475
13486
13497
13508
13519
13530
13541
13552
13563
13574
13585
13596
13607
13618
13629
13640
13651
13662
13673
13684
13695
13706
13717
13728
13739
13750
13761
13772
13783
13794
13805
13816
13827
13838
13849
13860
13871
13882
13893
13904
13915
13926
13937
13948
13959
13970
13981
13992
14003
14014
14025
14036
14047
14058
14069
14080
14091
14102
14113
14124
14135
14146
14157
14168
14179
14190
14201
14212
14223
14234
14245
14256
14267
14278
14289
14300
14311
14322
14333
14344
14355
14366
14377
14388
14399
14410
14421
14432
14443
14454
14465
14476
14487
14498
14509
14520
14531
14542
14553
14564
14575
14586
14597
14608
14619
14630
14641
14652
14663
14674
14685
14696
14707
14718
14729
14740
14751
14762
14773
14784
14795
14806
14817
14828
14839
14850
14861
14872
14883
14894
14905
14916
14927
14938
14949
14960
14971
14982
14993
15004
15015
15026
15037
15048
15059
15070
15081
15092
15103
15114
15125
15136
15147
15158
15169
15180
15191
15202
15213
15224
15235
15246
15257
15268
15279
15290
15301
15312
15323
15334
15345
15356
15367
15378
15389
15400
15411
15422
15433
15444
15455
15466
15477
15488
15499
15510
15521
15532
15543
15554
15565
15576
15587
15598
15609
15620
15631
15642
15653
15664
15675
15686
15697
15708
15719
15730
15741
15752
15763
15774
15785
15796
15807
15818
15829
15840
15851
15862
15873
15884
15895
15906
15917
15928
15939
15950
15961
15972
15983
15994
16005
16016
16027
16038
16049
16060
16071
16082
16093
16104
16115
16126
16137
16148
16159
16170
16181
16192
16203
16214
16225
16236
16247
16258
16269
16280
16291
16302
16313
16324
16335
16346
16357
16368
16379
16390
16401
16412
16423
16434
16445
16456
16467
16478
16489
16500
16511
16522
16533
16544
16555
16566
16577
16588
16599
16610
16621
16632
16643
16654
16665
16676
16687
16698
16709
16720
16731
16742
16753
16764
16775
16786
16797
16808
16819
16830
16841
16852
16863
16874
16885
16896
16907
16918
16929
16940
16951
16962
16973
16984
16995
17006
17017
17028
17039
17050
17061
17072
17083
17094
17105
17116
17127
17138
17149
17160
17171
17182
17193
17204
17215
17226
17237
17248
17259
17270
17281
17292
17303
17314
17325
17336
17347
17358
17369
17380
17391
17402
17413
17424
17435
17446
17457
17468
17479
17490
17501
17512
17523
17534
17545
17556
17567
17578
17589
17600
17611
17622
17633
17644
17655
17666
17677
17688
17699
17710
17721
17732
17743
17754
17765
17776
17787
17798
17809
17820
17831
17842
17853
17864
17875
17886
17897
17908
17919
17930
17941
17952
17963
17974
17985
17996
18007
18018
18029
18040
18051
18062
18073
18084
18095
18106
18117
18128
18139
18150
18161
18172
18183
18194
18205
18216
18227
18238
18249
18260
18271
18282
18293
18304
18315
18326
18337
18348
18359
18370
18381
18392
18403
18414
18425
18436
18447
18458
18469
18480
18491
18502
18513
18524
18535
18546
18557
18568
18579
18590
18601
18612
18623
18634
18645
18656
18667
18678
18689
18700
18711
18722
18733
18744
18755
18766
18777
18788
18799
18810
18821
18832
18843
18854
18865
18876
18887
18898
18909
18920
18931
18942
18953
18964
18975
18986
18997
19008
19019
19030
19041
19052
19063
19074
19085
19096
19107
19118
19129
19140
19151
19162
19173
19184
19195
19206
19217
19228
19239
19250
19261
19272
19283
19294
19305
19316
19327
19338
19349
19360
19371
19382
19393
19404
19415
19426
19437
19448
19459
19470
19481
19492
19503
19514
19525
19536
19547
19558
19569
19580
19591
19602
19613
19624
19635
19646
19657
19668
19679
19690
19701
19712
19723
19734
19745
19756
19767
19778
19789
19800
19811
19822
19833
19844
19855
19866
19877
19888
19899
19910
19921
19932
19943
19954
19965
19976
19987
19998
20009
20020
20031
20042
20053
20064
20075
20086
20097
20108
20119
20130
20141
20152
20163
20174
20185
20196
20207
20218
20229
20240
20251
20262
20273
20284
20295
20306
20317
20328
20339
20350
20361
20372
20383
20394
20405
20416
20427
20438
20449
20460
20471
20482
20493
20504
20515
20526
20537
20548
20559
20570
20581
20592
20603
20614
20625
20636
20647
20658
20669
20680
20691
20702
20713
20724
20735
20746
20757
20768
20779
20790
20801
20812
20823
20834
20845
20856
20867
20878
20889
20900
20911
20922
20933
20944
20955
20966
20977
20988
20999
21010
21021
21032
21043
21054
21065
21076
21087
21098
21109
21120
21131
21142
21153
21164
21175
21186
21197
21208
21219
21230
21241
21252
21263
21274
21285
21296
21307
21318
21329
21340
21351
21362
21373
21384
21395
21406
21417
21428
21439
21450
21461
21472
21483
21494
21505
21516
21527
21538
21549
21560
21571
21582
21593
21604
21615
21626
21637
21648
21659
21670
21681
21692
21703
21714
21725
21736
21747
21758
21769
21780
21791
21802
21813
21824
21835
21846
21857
21868
21879
21890
21901
21912
21923
21934
21945
21956
21967
21978
21989
22000
11
22
33
44
55
66
77
88
99
110
121
132
143
154
165
176
187
198
209
220
231
242
253
264
275
286
297
308
319
330
341
352
363
374
385
396
407
418
429
440
451
462
473
484
495
506
517
528
539
550
561
572
583
594
605
616
627
638
649
660
671
682
693
704
715
726
737
748
759
770
781
792
803
814
825
836
847
858
869
880
891
902
913
924
935
946
957
968
979
990
1001
1012
1023
1034
1045
1056
1067
1078
1089
1100
1111
1122
1133
1144
1155
1166
1177
1188
1199
1210
1221
1232
1243
1254
1265
1276
1287
1298
1309
1320
1331
1342
1353
1364
1375
1386
1397
1408
1419
1430
1441
1452
1463
1474
1485
1496
1507
1518
1529
1540
1551
1562
1573
1584
1595
1606
1617
1628
1639
1650
1661
1672
1683
1694
1705
1716
1727
1738
1749
1760
1771
1782
1793
1804
1815
1826
1837
1848
1859
1870
1881
1892
1903
1914
1925
1936
1947
1958
1969
1980
1991
2002
2013
2024
2035
2046
2057
2068
2079
2090
2101
2112
2123
2134
2145
2156
2167
2178
2189
2200
2211
2222
2233
2244
2255
2266
2277
2288
2299
2310
2321
2332
2343
2354
2365
2376
2387
2398
2409
2420
2431
2442
2453
2464
2475
2486
2497
2508
2519
2530
2541
2552
2563
2574
2585
2596
2607
2618
2629
2640
2651
2662
2673
2684
2695
2706
2717
2728
2739
2750
2761
2772
2783
2794
2805
2816
2827
2838
2849
2860
2871
2882
2893
2904
2915
2926
2937
2948
2959
2970
2981
2992
3003
3014
3025
3036
3047
3058
3069
3080
3091
3102
3113
3124
3135
3146
3157
3168
3179
3190
3201
3212
3223
3234
3245
3256
3267
3278
3289
3300
3311
3322
3333
3344
3355
3366
3377
3388
3399
3410
3421
3432
3443
3454
3465
3476
3487
3498
3509
3520
3531
3542
3553
3564
3575
3586
3597
3608
3619
3630
3641
3652
3663
3674
3685
3696
3707
3718
3729
3740
3751
3762
3773
3784
3795
3806
3817
3828
3839
3850
3861
3872
3883
3894
3905
3916
3927
3938
3949
3960
3971
3982
3993
4004
4015
4026
4037
4048
4059
4070
4081
4092
4103
4114
4125
4136
4147
4158
4169
4180
4191
4202
4213
4224
4235
4246
4257
4268
4279
4290
4301
4312
4323
4334
4345
4356
4367
4378
4389
4400
4411
4422
4433
4444
4455
4466
4477
4488
4499
4510
4521
4532
4543
4554
4565
4576
4587
4598
4609
4620
4631
4642
4653
4664
4675
4686
4697
4708
4719
4730
4741
4752
4763
4774
4785
4796
4807
4818
4829
4840
4851
4862
4873
4884
4895
4906
4917
4928
4939
4950
4961
4972
4983
4994
5005
5016
5027
5038
5049
5060
5071
5082
5093
5104
5115
5126
5137
5148
5159
5170
5181
5192
5203
5214
5225
5236
5247
5258
5269
5280
5291
5302
5313
5324
5335
5346
5357
5368
5379
5390
5401
5412
5423
5434
5445
5456
5467
5478
5489
5500
5511
5522
5533
5544
5555
5566
5577
5588
5599
5610
5621
5632
5643
5654
5665
5676
5687
5698
5709
5720
5731
5742
5753
5764
5775
5786
5797
5808
5819
5830
5841
5852
5863
5874
5885
5896
5907
5918
5929
5940
5951
5962
5973
5984
5995
6006
6017
6028
6039
6050
6061
6072
6083
6094
6105
6116
6127
6138
6149
6160
6171
6182
6193
6204
6215
6226
6237
6248
6259
6270
6281
6292
6303
6314
6325
6336
6347
6358
6369
6380
6391
6402
6413
6424
6435
6446
6457
6468
6479
6490
6501
6512
6523
6534
6545
6556
6567
6578
6589
6600
6611
6622
6633
6644
6655
6666
6677
6688
6699
6710
6721
6732
6743
6754
6765
6776
6787
6798
6809
6820
6831
6842
6853
6864
6875
6886
6897
6908
6919
6930
6941
6952
6963
6974
6985
6996
7007
7018
7029
7040
7051
7062
7073
7084
7095
7106
7117
7128
7139
7150
7161
7172
7183
7194
7205
7216
7227
7238
7249
7260
7271
7282
7293
7304
7315
7326
7337
7348
7359
7370
7381
7392
7403
7414
7425
7436
7447
7458
7469
7480
7491
7502
7513
7524
7535
7546
7557
7568
7579
7590
7601
7612
7623
7634
7645
7656
7667
7678
7689
7700
7711
7722
7733
7744
7755
7766
7777
7788
7799
7810
7821
7832
7843
7854
7865
7876
7887
7898
7909
7920
7931
7942
7953
7964
7975
7986
7997
8008
8019
8030
8041
8052
8063
8074
8085
8096
8107
8118
8129
8140
8151
8162
8173
8184
8195
8206
8217
8228
8239
8250
8261
8272
8283
8294
8305
8316
8327
8338
8349
8360
8371
8382
8393
8404
8415
8426
8437
8448
8459
8470
8481
8492
8503
8514
8525
8536
8547
8558
8569
8580
8591
8602
8613
8624
8635
8646
8657
8668
8679
8690
8701
8712
8723
8734
8745
8756
8767
8778
8789
8800
8811
8822
8833
8844
8855
8866
8877
8888
8899
8910
8921
8932
8943
8954
8965
8976
8987
8998
9009
9020
9031
9042
9053
9064
9075
9086
9097
9108
9119
9130
9141
9152
9163
9174
9185
9196
9207
9218
9229
9240
9251
9262
9273
9284
9295
9306
9317
9328
9339
9350
9361
9372
9383
9394
9405
9416
9427
9438
9449
9460
9471
9482
9493
9504
9515
9526
9537
9548
9559
9570
9581
9592
9603
9614
9625
9636
9647
9658
9669
9680
9691
9702
9713
9724
9735
9746
9757
9768
9779
9790
9801
9812
9823
9834
9845
9856
9867
9878
9889
9900
9911
9922
9933
9944
9955
9966
9977
9988
9999
10010
10021
10032
10043
10054
10065
10076
10087
10098
10109
10120
10131
10142
10153
10164
10175
10186
10197
10208
10219
10230
10241
10252
10263
10274
10285
10296
10307
10318
10329
10340
10351
10362
10373
10384
10395
10406
10417
10428
10439
10450
10461
10472
10483
10494
10505
10516
10527
10538
10549
10560
10571
10582
10593
10604
10615
10626
10637
10648
10659
10670
10681
10692
10703
10714
10725
10736
10747
10758
10769
10780
10791
10802
10813
10824
10835
10846
10857
10868
10879
10890
10901
10912
10923
10934
10945
10956
10967
10978
10989
11000
11011
11022
11033
11044
11055
11066
11077
11088
11099
11110
11121
11132
11143
11154
11165
11176
11187
11198
11209
11220
11231
11242
11253
11264
11275
11286
11297
11308
11319
11330
11341
11352
11363
11374
11385
11396
11407
11418
11429
11440
11451
11462
11473
11484
11495
11506
11517
11528
11539
11550
11561
11572
11583
11594
11605
11616
11627
11638
11649
11660
11671
11682
11693
11704
11715
11726
11737
11748
11759
11770
11781
11792
11803
11814
11825
11836
11847
11858
11869
11880
11891
11902
11913
11924
11935
11946
11957
11968
11979
11990
12001
12012
12023
12034
12045
12056
12067
12078
12089
12100
12111
12122
12133
12144
12155
12166
12177
12188
12199
12210
12221
12232
12243
12254
12265
12276
12287
12298
12309
12320
12331
12342
12353
12364
12375
12386
12397
12408
12419
12430
12441
12452
12463
12474
12485
12496
12507
12518
12529
12540
12551
12562
12573
12584
12595
12606
12617
12628
12639
12650
12661
12672
12683
12694
12705
12716
12727
12738
12749
12760
12771
12782
12793
12804
12815
12826
12837
12848
12859
12870
12881
12892
12903
12914
12925
12936
12947
12958
12969
12980
12991
13002
13013
13024
13035
13046
13057
13068
13079
13090
13101
13112
13123
13134
13145
13156
13167
13178
13189
13200
13211
13222
13233
13244
13255
13266
13277
13288
13299
13310
13321
13332
13343
13354
13365
13376
13387
13398
13409
13420
13431
13442
13453
13464
13475
13486
13497
13508
13519
13530
13541
13552
13563
13574
13585
13596
13607
13618
13629
13640
13651
13662
13673
13684
13695
13706
13717
13728
13739
13750
13761
13772
13783
13794
13805
13816
13827
13838
13849
13860
13871
13882
13893
13904
13915
13926
13937
13948
13959
13970
13981
13992
14003
14014
14025
14036
14047
14058
14069
14080
14091
14102
14113
14124
14135
14146
14157
14168
14179
14190
14201
14212
14223
14234
14245
14256
14267
14278
14289
14300
14311
14322
14333
14344
14355
14366
14377
14388
14399
14410
14421
14432
14443
14454
14465
14476
14487
14498
14509
14520
14531
14542
14553
14564
14575
14586
14597
14608
14619
14630
14641
14652
14663
14674
14685
14696
14707
14718
14729
14740
14751
14762
14773
14784
14795
14806
14817
14828
14839
14850
14861
14872
14883
14894
14905
14916
14927
14938
14949
14960
14971
14982
14993
15004
15015
15026
15037
15048
15059
15070
15081
15092
15103
15114
15125
15136
15147
15158
15169
15180
15191
15202
15213
15224
15235
15246
15257
15268
15279
15290
15301
15312
15323
15334
15345
15356
15367
15378
15389
15400
15411
15422
15433
15444
15455
15466
15477
15488
15499
15510
15521
15532
15543
15554
15565
15576
15587
15598
15609
15620
15631
15642
15653
15664
15675
15686
15697
15708
15719
15730
15741
15752
15763
15774
15785
15796
15807
15818
15829
15840
15851
15862
15873
15884
15895
15906
15917
15928
15939
15950
15961
15972
15983
15994
16005
16016
16027
16038
16049
16060
16071
16082
16093
16104
16115
16126
16137
16148
16159
16170
16181
16192
16203
16214
16225
16236
16247
16258
16269
16280
16291
16302
16313
16324
16335
16346
16357
16368
16379
16390
16401
16412
16423
16434
16445
16456
16467
16478
16489
16500
16511
16522
16533
16544
16555
16566
16577
16588
16599
16610
16621
16632
16643
16654
16665
16676
16687
16698
16709
16720
16731
16742
16753
16764
16775
16786
16797
16808
16819
16830
16841
16852
16863
16874
16885
16896
16907
16918
16929
16940
16951
16962
16973
16984
16995
17006
17017
17028
17039
17050
17061
17072
17083
17094
17105
17116
17127
17138
17149
17160
17171
17182
17193
17204
17215
17226
17237
17248
17259
17270
17281
17292
17303
17314
17325
17336
17347
17358
17369
17380
17391
17402
17413
17424
17435
17446
17457
17468
17479
17490
17501
17512
17523
17534
17545
17556
17567
17578
17589
17600
17611
17622
17633
17644
17655
17666
17677
17688
17699
17710
17721
17732
17743
17754
17765
17776
17787
17798
17809
17820
17831
17842
17853
17864
17875
17886
17897
17908
17919
17930
17941
17952
17963
17974
17985
17996
18007
18018
18029
18040
18051
18062
18073
18084
18095
18106
18117
18128
18139
18150
18161
18172
18183
18194
18205
18216
18227
18238
18249
18260
18271
18282
18293
18304
18315
18326
18337
18348
18359
18370
18381
18392
18403
18414
18425
18436
18447
18458
18469
18480
18491
18502
18513
18524
18535
18546
18557
18568
18579
18590
18601
18612
18623
18634
18645
18656
18667
18678
18689
18700
18711
18722
18733
18744
18755
18766
18777
18788
18799
18810
18821
18832
18843
18854
18865
18876
18887
18898
18909
18920
18931
18942
18953
18964
18975
18986
18997
19008
19019
19030
19041
19052
19063
19074
19085
19096
19107
19118
19129
19140
19151
19162
19173
19184
19195
19206
19217
19228
19239
19250
19261
19272
19283
19294
19305
19316
19327
19338
19349
19360
19371
19382
19393
19404
19415
19426
19437
19448
19459
19470
19481
19492
19503
19514
19525
19536
19547
19558
19569
19580
19591
19602
19613
19624
19635
19646
19657
19668
19679
19690
19701
19712
19723
19734
19745
19756
19767
19778
19789
19800
19811
19822
19833
19844
19855
19866
19877
19888
19899
19910
19921
19932
19943
19954
19965
19976
19987
19998
20009
20020
20031
20042
20053
20064
20075
20086
20097
20108
20119
20130
20141
20152
20163
20174
20185
20196
20207
20218
20229
20240
20251
20262
20273
20284
20295
20306
20317
20328
20339
20350
20361
20372
20383
20394
20405
20416
20427
20438
20449
20460
20471
20482
20493
20504
20515
20526
20537
20548
20559
20570
20581
20592
20603
20614
20625
20636
20647
20658
20669
20680
20691
20702
20713
20724
20735
20746
20757
20768
20779
20790
20801
20812
20823
20834
20845
20856
20867
20878
20889
20900
20911
20922
20933
20944
20955
20966
20977
20988
20999
21010
21021
21032
21043
21054
21065
21076
21087
21098
21109
21120
21131
21142
21153
21164
21175
21186
21197
21208
21219
21230
21241
21252
21263
21274
21285
21296
21307
21318
21329
21340
21351
21362
21373
21384
21395
21406
21417
21428
21439
21450
21461
21472
21483
21494
21505
21516
21527
21538
21549
21560
21571
21582
21593
21604
21615
21626
21637
21648
21659
21670
21681
21692
21703
21714
21725
21736
21747
21758
21769
21780
21791
21802
21813
21824
21835
21846
21857
21868
21879
21890
21901
21912
21923
21934
21945
21956
21967
21978
21989
22000
11
22
33
44
55
66
77
88
99
110
121
132
143
154
165
176
187
198
209
220
231
242
253
264
275
286
297
308
319
330
341
352
363
374
385
396
407
418
429
440
451
462
473
484
495
506
517
528
539
550
561
572
583
594
605
616
627
638
649
660
671
682
693
704
715
726
737
748
759
770
781
792
803
814
825
836
847
858
869
880
891
902
913
924
935
946
957
968
979
990
1001
1012
1023
1034
1045
1056
1067
1078
1089
1100
1111
1122
1133
1144
1155
1166
1177
1188
1199
1210
1221
1232
1243
1254
1265
1276
1287
1298
1309
1320
1331
1342
1353
1364
1375
1386
1397
1408
1419
1430
1441
1452
1463
1474
1485
1496
1507
1518
1529
1540
1551
1562
1573
1584
1595
1606
1617
1628
1639
1650
1661
1672
1683
1694
1705
1716
1727
1738
1749
1760
1771
1782
1793
1804
1815
1826
1837
1848
1859
1870
1881
1892
1903
1914
1925
1936
1947
1958
1969
1980
1991
2002
2013
2024
2035
2046
2057
2068
2079
2090
2101
2112
2123
2134
2145
2156
2167
2178
2189
2200
2211
2222
2233
2244
2255
2266
2277
2288
2299
2310
2321
2332
2343
2354
2365
2376
2387
2398
2409
2420
2431
2442
2453
2464
2475
2486
2497
2508
2519
2530
2541
2552
2563
2574
2585
2596
2607
2618
2629
2640
2651
2662
2673
2684
2695
2706
2717
2728
2739
2750
2761
2772
2783
2794
2805
2816
2827
2838
2849
2860
2871
2882
2893
2904
2915
2926
2937
2948
2959
2970
2981
2992
3003
3014
3025
3036
3047
3058
3069
3080
3091
3102
3113
3124
3135
3146
3157
3168
3179
3190
3201
3212
3223
3234
3245
3256
3267
3278
3289
3300
3311
3322
3333
3344
3355
3366
3377
3388
3399
3410
3421
3432
3443
3454
3465
3476
3487
3498
3509
3520
3531
3542
3553
3564
3575
3586
3597
3608
3619
3630
3641
3652
3663
3674
3685
3696
3707
3718
3729
3740
3751
3762
3773
3784
3795
3806
3817
3828
3839
3850
3861
3872
3883
3894
3905
3916
3927
3938
3949
3960
3971
3982
3993
4004
4015
4026
4037
4048
4059
4070
4081
4092
4103
4114
4125
4136
4147
4158
4169
4180
4191
4202
4213
4224
4235
4246
4257
4268
4279
4290
4301
4312
4323
4334
4345
4356
4367
4378
4389
4400
4411
4422
4433
4444
4455
4466
4477
4488
4499
4510
4521
4532
4543
4554
4565
4576
4587
4598
4609
4620
4631
4642
4653
4664
4675
4686
4697
4708
4719
4730
4741
4752
4763
4774
4785
4796
4807
4818
4829
4840
4851
4862
4873
4884
4895
4906
4917
4928
4939
4950
4961
4972
4983
4994
5005
5016
5027
5038
5049
5060
5071
5082
5093
5104
5115
5126
5137
5148
5159
5170
5181
5192
5203
5214
5225
5236
5247
5258
5269
5280
5291
5302
5313
5324
5335
5346
5357
5368
5379
5390
5401
5412
5423
5434
5445
5456
5467
5478
5489
5500
5511
5522
5533
5544
5555
5566
5577
5588
5599
5610
5621
5632
5643
5654
5665
5676
5687
5698
5709
5720
5731
5742
5753
5764
5775
5786
5797
5808
5819
5830
5841
5852
5863
5874
5885
5896
5907
5918
5929
5940
5951
5962
5973
5984
5995
6006
6017
6028
6039
6050
6061
6072
6083
6094
6105
6116
6127
6138
6149
6160
6171
6182
6193
6204
6215
6226
6237
6248
6259
6270
6281
6292
6303
6314
6325
6336
6347
6358
6369
6380
6391
6402
6413
6424
6435
6446
6457
6468
6479
6490
6501
6512
6523
6534
6545
6556
6567
6578
6589
6600
6611
6622
6633
6644
6655
6666
6677
6688
6699
6710
6721
6732
6743
6754
6765
6776
6787
6798
6809
6820
6831
6842
6853
6864
6875
6886
6897
6908
6919
6930
6941
6952
6963
6974
6985
6996
7007
7018
7029
7040
7051
7062
7073
7084
7095
7106
7117
7128
7139
7150
7161
7172
7183
7194
7205
7216
7227
7238
7249
7260
7271
7282
7293
7304
7315
7326
7337
7348
7359
7370
7381
7392
7403
7414
7425
7436
7447
7458
7469
7480
7491
7502
7513
7524
7535
7546
7557
7568
7579
7590
7601
7612
7623
7634
7645
7656
7667
7678
7689
7700
7711
7722
7733
7744
7755
7766
7777
7788
7799
7810
7821
7832
7843
7854
7865
7876
7887
7898
7909
7920
7931
7942
7953
7964
7975
7986
7997
8008
8019
8030
8041
8052
8063
8074
8085
8096
8107
8118
8129
8140
8151
8162
8173
8184
8195
8206
8217
8228
8239
8250
8261
8272
8283
8294
8305
8316
8327
8338
8349
8360
8371
8382
8393
8404
8415
8426
8437
8448
8459
8470
8481
8492
8503
8514
8525
8536
8547
8558
8569
8580
8591
8602
8613
8624
8635
8646
8657
8668
8679
8690
8701
8712
8723
8734
8745
8756
8767
8778
8789
8800
8811
8822
8833
8844
8855
8866
8877
8888
8899
8910
8921
8932
8943
8954
8965
8976
8987
8998
9009
9020
9031
9042
9053
9064
9075
9086
9097
9108
9119
9130
9141
9152
9163
9174
9185
9196
9207
9218
9229
9240
9251
9262
9273
9284
9295
9306
9317
9328
9339
9350
9361
9372
9383
9394
9405
9416
9427
9438
9449
9460
9471
9482
9493
9504
9515
9526
9537
9548
9559
9570
9581
9592
9603
9614
9625
9636
9647
9658
9669
9680
9691
9702
9713
9724
9735
9746
9757
9768
9779
9790
9801
9812
9823
9834
9845
9856
9867
9878
9889
9900
9911
9922
9933
9944
9955
9966
9977
9988
9999
10010
10021
10032
10043
10054
10065
10076
10087
10098
10109
10120
10131
10142
10153
10164
10175
10186
10197
10208
10219
10230
10241
10252
10263
10274
10285
10296
10307
10318
10329
10340
10351
10362
10373
10384
10395
10406
10417
10428
10439
10450
10461
10472
10483
10494
10505
10516
10527
10538
10549
10560
10571
10582
10593
10604
10615
10626
10637
10648
10659
10670
10681
10692
10703
10714
10725
10736
10747
10758
10769
10780
10791
10802
10813
10824
10835
10846
10857
10868
10879
10890
10901
10912
10923
10934
10945
10956
10967
10978
10989
11000
11011
11022
11033
11044
11055
11066
11077
11088
11099
11110
11121
11132
11143
11154
11165
11176
11187
11198
11209
11220
11231
11242
11253
11264
11275
11286
11297
11308
11319
11330
11341
11352
11363
11374
11385
11396
11407
11418
11429
11440
11451
11462
11473
11484
11495
11506
11517
11528
11539
11550
11561
11572
11583
11594
11605
11616
11627
11638
11649
11660
11671
11682
11693
11704
11715
11726
11737
11748
11759
11770
11781
11792
11803
11814
11825
11836
11847
11858
11869
11880
11891
11902
11913
11924
11935
11946
11957
11968
11979
11990
12001
12012
12023
12034
12045
12056
12067
12078
12089
12100
12111
12122
12133
12144
12155
12166
12177
12188
12199
12210
12221
12232
12243
12254
12265
12276
12287
12298
12309
12320
12331
12342
12353
12364
12375
12386
12397
12408
12419
12430
12441
12452
12463
12474
12485
12496
12507
12518
12529
12540
12551
12562
12573
12584
12595
12606
12617
12628
12639
12650
12661
12672
12683
12694
12705
12716
12727
12738
12749
12760
12771
12782
12793
12804
12815
12826
12837
12848
12859
12870
12881
12892
12903
12914
12925
12936
12947
12958
12969
12980
12991
13002
13013
13024
13035
13046
13057
13068
13079
13090
13101
13112
13123
13134
13145
13156
13167
13178
13189
13200
13211
13222
13233
13244
13255
13266
13277
13288
13299
13310
13321
13332
13343
13354
13365
13376
13387
13398
13409
13420
13431
13442
13453
13464
13475
13486
13497
13508
13519
13530
13541
13552
13563
13574
13585
13596
13607
13618
13629
13640
13651
13662
13673
13684
13695
13706
13717
13728
13739
13750
13761
13772
13783
13794
13805
13816
13827
13838
13849
13860
13871
13882
13893
13904
13915
13926
13937
13948
13959
13970
13981
13992
14003
14014
14025
14036
14047
14058
14069
14080
14091
14102
14113
14124
14135
14146
14157
14168
14179
14190
14201
14212
14223
14234
14245
14256
14267
14278
14289
14300
14311
14322
14333
14344
14355
14366
14377
14388
14399
14410
14421
14432
14443
14454
14465
14476
14487
14498
14509
14520
14531
14542
14553
14564
14575
14586
14597
14608
14619
14630
14641
14652
14663
14674
14685
14696
14707
14718
14729
14740
14751
14762
14773
14784
14795
14806
14817
14828
14839
14850
14861
14872
14883
14894
14905
14916
14927
14938
14949
14960
14971
14982
14993
15004
15015
15026
15037
15048
15059
15070
15081
15092
15103
15114
15125
15136
15147
15158
15169
15180
15191
15202
15213
15224
15235
15246
15257
15268
15279
15290
15301
15312
15323
15334
15345
15356
15367
15378
15389
15400
15411
15422
15433
15444
15455
15466
15477
15488
15499
15510
15521
15532
15543
15554
15565
15576
15587
15598
15609
15620
15631
15642
15653
15664
15675
15686
15697
15708
15719
15730
15741
15752
15763
15774
15785
15796
15807
15818
15829
15840
15851
15862
15873
15884
15895
15906
15917
15928
15939
15950
15961
15972
15983
15994
16005
16016
16027
16038
16049
16060
16071
16082
16093
16104
16115
16126
16137
16148
16159
16170
16181
16192
16203
16214
16225
16236
16247
16258
16269
16280
16291
16302
16313
16324
16335
16346
16357
16368
16379
16390
16401
16412
16423
16434
16445
16456
16467
16478
16489
16500
16511
16522
16533
16544
16555
16566
16577
16588
16599
16610
16621
16632
16643
16654
16665
16676
16687
16698
16709
16720
16731
16742
16753
16764
16775
16786
16797
16808
16819
16830
16841
16852
16863
16874
16885
16896
16907
16918
16929
16940
16951
16962
16973
16984
16995
17006
17017
17028
17039
17050
17061
17072
17083
17094
17105
17116
17127
17138
17149
17160
17171
17182
17193
17204
17215
17226
17237
17248
17259
17270
17281
17292
17303
17314
17325
17336
17347
17358
17369
17380
17391
17402
17413
17424
17435
17446
17457
17468
17479
17490
17501
17512
17523
17534
17545
17556
17567
17578
17589
17600
17611
17622
17633
17644
17655
17666
17677
17688
17699
17710
17721
17732
17743
17754
17765
17776
17787
17798
17809
17820
17831
17842
17853
17864
17875
17886
17897
17908
17919
17930
17941
17952
17963
17974
17985
17996
18007
18018
18029
18040
18051
18062
18073
18084
18095
18106
18117
18128
18139
18150
18161
18172
18183
18194
18205
18216
18227
18238
18249
18260
18271
18282
18293
18304
18315
18326
18337
18348
18359
18370
18381
18392
18403
18414
18425
18436
18447
18458
18469
18480
18491
18502
18513
18524
18535
18546
18557
18568
18579
18590
18601
18612
18623
18634
18645
18656
18667
18678
18689
18700
18711
18722
18733
18744
18755
18766
18777
18788
18799
18810
18821
18832
18843
18854
18865
18876
18887
18898
18909
18920
18931
18942
18953
18964
18975
18986
18997
19008
19019
19030
19041
19052
19063
19074
19085
19096
19107
19118
19129
19140
19151
19162
19173
19184
19195
19206
19217
19228
19239
19250
19261
19272
19283
19294
19305
19316
19327
19338
19349
19360
19371
19382
19393
19404
19415
19426
19437
19448
19459
19470
19481
19492
19503
19514
19525
19536
19547
19558
19569
19580
19591
19602
19613
19624
19635
19646
19657
19668
19679
19690
19701
19712
19723
19734
19745
19756
19767
19778
19789
19800
19811
19822
19833
19844
19855
19866
19877
19888
19899
19910
19921
19932
19943
19954
19965
19976
19987
19998
20009
20020
20031
20042
20053
20064
20075
20086
20097
20108
20119
20130
20141
20152
20163
20174
20185
20196
20207
20218
20229
20240
20251
20262
20273
20284
20295
20306
20317
20328
20339
20350
20361
20372
20383
20394
20405
20416
20427
20438
20449
20460
20471
20482
20493
20504
20515
20526
20537
20548
20559
20570
20581
20592
20603
20614
20625
20636
20647
20658
20669
20680
20691
20702
20713
20724
20735
20746
20757
20768
20779
20790
20801
20812
20823
20834
20845
20856
20867
20878
20889
20900
20911
20922
20933
20944
20955
20966
20977
20988
20999
21010
21021
21032
21043
21054
21065
21076
21087
21098
21109
21120
21131
21142
21153
21164
21175
21186
21197
21208
21219
21230
21241
21252
21263
21274
21285
21296
21307
21318
21329
21340
21351
21362
21373
21384
21395
21406
21417
21428
21439
21450
21461
21472
21483
21494
21505
21516
21527
21538
21549
21560
21571
21582
21593
21604
21615
21626
21637
21648
21659
21670
21681
21692
21703
21714
21725
21736
21747
21758
21769
21780
21791
21802
21813
21824
21835
21846
21857
21868
21879
21890
21901
21912
21923
21934
21945
21956
21967
21978
21989
22000
11
22
33
44
55
66
77
88
99
110
121
132
143
154
165
176
187
198
209
220
231
242
253
264
275
286
297
308
319
330
341
352
363
374
385
396
407
418
429
440
451
462
473
484
495
506
517
528
539
550
561
572
583
594
605
616
627
638
649
660
671
682
693
704
715
726
737
748
759
770
781
792
803
814
825
836
847
858
869
880
891
902
913
924
935
946
957
968
979
990
1001
1012
1023
1034
1045
1056
1067
1078
1089
1100
1111
1122
1133
1144
1155
1166
1177
1188
1199
1210
1221
1232
1243
1254
1265
1276
1287
1298
1309
1320
1331
1342
1353
1364
1375
1386
1397
1408
1419
1430
1441
1452
1463
1474
1485
1496
1507
1518
1529
1540
1551
1562
1573
1584
1595
1606
1617
1628
1639
1650
1661
1672
1683
1694
1705
1716
1727
1738
1749
1760
1771
1782
1793
1804
1815
1826
1837
1848
1859
1870
1881
1892
1903
1914
1925
1936
1947
1958
1969
1980
1991
2002
2013
2024
2035
2046
2057
2068
2079
2090
2101
2112
2123
2134
2145
2156
2167
2178
2189
2200
2211
2222
2233
2244
2255
2266
2277
2288
2299
2310
2321
2332
2343
2354
2365
2376
2387
2398
2409
2420
2431
2442
2453
2464
2475
2486
2497
2508
2519
2530
2541
2552
2563
2574
2585
2596
2607
2618
2629
2640
2651
2662
2673
2684
2695
2706
2717
2728
2739
2750
2761
2772
2783
2794
2805
2816
2827
2838
2849
2860
2871
2882
2893
2904
2915
2926
2937
2948
2959
2970
2981
2992
3003
3014
3025
3036
3047
3058
3069
3080
3091
3102
3113
3124
3135
3146
3157
3168
3179
3190
3201
3212
3223
3234
3245
3256
3267
3278
3289
3300
3311
3322
3333
3344
3355
3366
3377
3388
3399
3410
3421
3432
3443
3454
3465
3476
3487
3498
3509
3520
3531
3542
3553
3564
3575
3586
3597
3608
3619
3630
3641
3652
3663
3674
3685
3696
3707
3718
3729
3740
3751
3762
3773
3784
3795
3806
3817
3828
3839
3850
3861
3872
3883
3894
3905
3916
3927
3938
3949
3960
3971
3982
3993
4004
4015
4026
4037
4048
4059
4070
4081
4092
4103
4114
4125
4136
4147
4158
4169
4180
4191
4202
4213
4224
4235
4246
4257
4268
4279
4290
4301
4312
4323
4334
4345
4356
4367
4378
4389
4400
4411
4422
4433
4444
4455
4466
4477
4488
4499
4510
4521
4532
4543
4554
4565
4576
4587
4598
4609
4620
4631
4642
4653
4664
4675
4686
4697
4708
4719
4730
4741
4752
4763
4774
4785
4796
4807
4818
4829
4840
4851
4862
4873
4884
4895
4906
4917
4928
4939
4950
4961
4972
4983
4994
5005
5016
5027
5038
5049
5060
5071
5082
5093
5104
5115
5126
5137
5148
5159
5170
5181
5192
5203
5214
5225
5236
5247
5258
5269
5280
5291
5302
5313
5324
5335
5346
5357
5368
5379
5390
5401
5412
5423
5434
5445
5456
5467
5478
5489
5500
5511
5522
5533
5544
5555
5566
5577
5588
5599
5610
5621
5632
5643
5654
5665
5676
5687
5698
5709
5720
5731
5742
5753
5764
5775
5786
5797
5808
5819
5830
5841
5852
5863
5874
5885
5896
5907
5918
5929
5940
5951
5962
5973
5984
5995
6006
6017
6028
6039
6050
6061
6072
6083
6094
6105
6116
6127
6138
6149
6160
6171
6182
6193
6204
6215
6226
6237
6248
6259
6270
6281
6292
6303
6314
6325
6336
6347
6358
6369
6380
6391
6402
6413
6424
6435
6446
6457
6468
6479
6490
6501
6512
6523
6534
6545
6556
6567
6578
6589
6600
6611
6622
6633
6644
6655
6666
6677
6688
6699
6710
6721
6732
6743
6754
6765
6776
6787
6798
6809
6820
6831
6842
6853
6864
6875
6886
6897
6908
6919
6930
6941
6952
6963
6974
6985
6996
7007
7018
7029
7040
7051
7062
7073
7084
7095
7106
7117
7128
7139
7150
7161
7172
7183
7194
7205
7216
7227
7238
7249
7260
7271
7282
7293
7304
7315
7326
7337
7348
7359
7370
7381
7392
7403
7414
7425
7436
7447
7458
7469
7480
7491
7502
7513
7524
7535
7546
7557
7568
7579
7590
7601
7612
7623
7634
7645
7656
7667
7678
7689
7700
7711
7722
7733
7744
7755
7766
7777
7788
7799
7810
7821
7832
7843
7854
7865
7876
7887
7898
7909
7920
7931
7942
7953
7964
7975
7986
7997
8008
8019
8030
8041
8052
8063
8074
8085
8096
8107
8118
8129
8140
8151
8162
8173
8184
8195
8206
8217
8228
8239
8250
8261
8272
8283
8294
8305
8316
8327
8338
8349
8360
8371
8382
8393
8404
8415
8426
8437
8448
8459
8470
8481
8492
8503
8514
8525
8536
8547
8558
8569
8580
8591
8602
8613
8624
8635
8646
8657
8668
8679
8690
8701
8712
8723
8734
8745
8756
8767
8778
8789
8800
8811
8822
8833
8844
8855
8866
8877
8888
8899
8910
8921
8932
8943
8954
8965
8976
8987
8998
9009
9020
9031
9042
9053
9064
9075
9086
9097
9108
9119
9130
9141
9152
9163
9174
9185
9196
9207
9218
9229
9240
9251
9262
9273
9284
9295
9306
9317
9328
9339
9350
9361
9372
9383
9394
9405
9416
9427
9438
9449
9460
9471
9482
9493
9504
9515
9526
9537
9548
9559
9570
9581
9592
9603
9614
9625
9636
9647
9658
9669
9680
9691
9702
9713
9724
9735
9746
9757
9768
9779
9790
9801
9812
9823
9834
9845
9856
9867
9878
9889
9900
9911
9922
9933
9944
9955
9966
9977
9988
9999
10010
10021
10032
10043
10054
10065
10076
10087
10098
10109
10120
10131
10142
10153
10164
10175
10186
10197
10208
10219
10230
10241
10252
10263
10274
10285
10296
10307
10318
10329
10340
10351
10362
10373
10384
10395
10406
10417
10428
10439
10450
10461
10472
10483
10494
10505
10516
10527
10538
10549
10560
10571
10582
10593
10604
10615
10626
10637
10648
10659
10670
10681
10692
10703
10714
10725
10736
10747
10758
10769
10780
10791
10802
10813
10824
10835
10846
10857
10868
10879
10890
10901
10912
10923
10934
10945
10956
10967
10978
10989
11000
11011
11022
11033
11044
11055
11066
11077
11088
11099
11110
11121
11132
11143
11154
11165
11176
11187
11198
11209
11220
11231
11242
11253
11264
11275
11286
11297
11308
11319
11330
11341
11352
11363
11374
11385
11396
11407
11418
11429
11440
11451
11462
11473
11484
11495
11506
11517
11528
11539
11550
11561
11572
11583
11594
11605
11616
11627
11638
11649
11660
11671
11682
11693
11704
11715
11726
11737
11748
11759
11770
11781
11792
11803
11814
11825
11836
11847
11858
11869
11880
11891
11902
11913
11924
11935
11946
11957
11968
11979
11990
12001
12012
12023
12034
12045
12056
12067
12078
12089
12100
12111
12122
12133
12144
12155
12166
12177
12188
12199
12210
12221
12232
12243
12254
12265
12276
12287
12298
12309
12320
12331
12342
12353
12364
12375
12386
12397
12408
12419
12430
12441
12452
12463
12474
12485
12496
12507
12518
12529
12540
12551
12562
12573
12584
12595
12606
12617
12628
12639
12650
12661
12672
12683
12694
12705
12716
12727
12738
12749
12760
12771
12782
12793
12804
12815
12826
12837
12848
12859
12870
12881
12892
12903
12914
12925
12936
12947
12958
12969
12980
12991
13002
13013
13024
13035
13046
13057
13068
13079
13090
13101
13112
13123
13134
13145
13156
13167
13178
13189
13200
13211
13222
13233
13244
13255
13266
13277
13288
13299
13310
13321
13332
13343
13354
13365
13376
13387
13398
13409
13420
13431
13442
13453
13464
13475
13486
13497
13508
13519
13530
13541
13552
13563
13574
13585
13596
13607
13618
13629
13640
13651
13662
13673
13684
13695
13706
13717
13728
13739
13750
13761
13772
13783
13794
13805
13816
13827
13838
13849
13860
13871
13882
13893
13904
13915
13926
13937
13948
13959
13970
13981
13992
14003
14014
14025
14036
14047
14058
14069
14080
14091
14102
14113
14124
14135
14146
14157
14168
14179
14190
14201
14212
14223
14234
14245
14256
14267
14278
14289
14300
14311
14322
14333
14344
14355
14366
14377
14388
14399
14410
14421
14432
14443
14454
14465
14476
14487
14498
14509
14520
14531
14542
14553
14564
14575
14586
14597
14608
14619
14630
14641
14652
14663
14674
14685
14696
14707
14718
14729
14740
14751
14762
14773
14784
14795
14806
14817
14828
14839
14850
14861
14872
14883
14894
14905
14916
14927
14938
14949
14960
14971
14982
14993
15004
15015
15026
15037
15048
15059
15070
15081
15092
15103
15114
15125
15136
15147
15158
15169
15180
15191
15202
15213
15224
15235
15246
15257
15268
15279
15290
15301
15312
15323
15334
15345
15356
15367
15378
15389
15400
15411
15422
15433
15444
15455
15466
15477
15488
15499
15510
15521
15532
15543
15554
15565
15576
15587
15598
15609
15620
15631
15642
15653
15664
15675
15686
15697
15708
15719
15730
15741
15752
15763
15774
15785
15796
15807
15818
15829
15840
15851
15862
15873
15884
15895
15906
15917
15928
15939
15950
15961
15972
15983
15994
16005
16016
16027
16038
16049
16060
16071
16082
16093
16104
16115
16126
16137
16148
16159
16170
16181
16192
16203
16214
16225
16236
16247
16258
16269
16280
16291
16302
16313
16324
16335
16346
16357
16368
16379
16390
16401
16412
16423
16434
16445
16456
16467
16478
16489
16500
16511
16522
16533
16544
16555
16566
16577
16588
16599
16610
16621
16632
16643
16654
16665
16676
16687
16698
16709
16720
16731
16742
16753
16764
16775
16786
16797
16808
16819
16830
16841
16852
16863
16874
16885
16896
16907
16918
16929
16940
16951
16962
16973
16984
16995
17006
17017
17028
17039
17050
17061
17072
17083
17094
17105
17116
17127
17138
17149
17160
17171
17182
17193
17204
17215
17226
17237
17248
17259
17270
17281
17292
17303
17314
17325
17336
17347
17358
17369
17380
17391
17402
17413
17424
17435
17446
17457
17468
17479
17490
17501
17512
17523
17534
17545
17556
17567
17578
17589
17600
17611
17622
17633
17644
17655
17666
17677
17688
17699
17710
17721
17732
17743
17754
17765
17776
17787
17798
17809
17820
17831
17842
17853
17864
17875
17886
17897
17908
17919
17930
17941
17952
17963
17974
17985
17996
18007
18018
18029
18040
18051
18062
18073
18084
18095
18106
18117
18128
18139
18150
18161
18172
18183
18194
18205
18216
18227
18238
18249
18260
18271
18282
18293
18304
18315
18326
18337
18348
18359
18370
18381
18392
18403
18414
18425
18436
18447
18458
18469
18480
18491
18502
18513
18524
18535
18546
18557
18568
18579
18590
18601
18612
18623
18634
18645
18656
18667
18678
18689
18700
18711
18722
18733
18744
18755
18766
18777
18788
18799
18810
18821
18832
18843
18854
18865
18876
18887
18898
18909
18920
18931
18942
18953
18964
18975
18986
18997
19008
19019
19030
19041
19052
19063
19074
19085
19096
19107
19118
19129
19140
19151
19162
19173
19184
19195
19206
19217
19228
19239
19250
19261
19272
19283
19294
19305
19316
19327
19338
19349
19360
19371
19382
19393
19404
19415
19426
19437
19448
19459
19470
19481
19492
19503
19514
19525
19536
19547
19558
19569
19580
19591
19602
19613
19624
19635
19646
19657
19668
19679
19690
19701
19712
19723
19734
19745
19756
19767
19778
19789
19800
19811
19822
19833
19844
19855
19866
19877
19888
19899
19910
19921
19932
19943
19954
19965
19976
19987
19998
20009
20020
20031
20042
20053
20064
20075
20086
20097
20108
20119
20130
20141
20152
20163
20174
20185
20196
20207
20218
20229
20240
20251
20262
20273
20284
20295
20306
20317
20328
20339
20350
20361
20372
20383
20394
20405
20416
20427
20438
20449
20460
20471
20482
20493
20504
20515
20526
20537
20548
20559
20570
20581
20592
20603
20614
20625
20636
20647
20658
20669
20680
20691
20702
20713
20724
20735
20746
20757
20768
20779
20790
20801
20812
20823
20834
20845
20856
20867
20878
20889
20900
20911
20922
20933
20944
20955
20966
20977
20988
20999
21010
21021
21032
21043
21054
21065
21076
21087
21098
21109
21120
21131
21142
21153
21164
21175
21186
21197
21208
21219
21230
21241
21252
21263
21274
21285
21296
21307
21318
21329
21340
21351
21362
21373
21384
21395
21406
21417
21428
21439
21450
21461
21472
21483
21494
21505
21516
21527
21538
21549
21560
21571
21582
21593
21604
21615
21626
21637
21648
21659
21670
21681
21692
21703
21714
21725
21736
21747
21758
21769
21780
21791
21802
21813
21824
21835
21846
21857
21868
21879
21890
21901
21912
21923
21934
21945
21956
21967
21978
21989
22000