16809
35671
77472
79107
85743
11321
63929
86576
85338
77169
29860
99761
91134
37530
50786
46088
55165
43557
42663
76721
89189
58349
95179
48419
14977
15307
48641
11893
78351
96444
555
43558
73674
85649
14436
66301
51828
19438
98019
47431
19832
33339
86765
9700
95701
41127
42517
14285
88286
88016
37716
70208
98351
96592
45165
14442
93929
49611
62730
22750
38880
44548
74426
90767
67337
8423
88724
98243
76594
97837
83115
90993
26544
90783
7839
25598
81764
14992
42085
8915
19066
24575
11329
36100
25641
48721
72920
28604
81550
54236
52733
42136
17888
66504
87840
15058
2959
99136
27949
36198
11571
46130
31062
62736
10445
96302
67612
49049
89961
84673
28704
52287
10568
5700
67588
81526
84697
93705
72007
91188
16706
81761
69115
91736
46565
94369
3581
72876
91499
6721
74783
70465
32094
91628
19648
55161
37443
62080
81832
73849
9558
95127
80565
11773
74799
7504
47632
26363
95558
14892
45060
35645
64715
51228
42958
54710
57110
90770
16507
67708
60412
83875
33920
91382
22733
73290
3704
79934
13319
96808
73691
25363
42750
12065
63781
85908
47988
56582
32991
20089
759
60602
44006
63421
28658
4083
80263
12140
11030
63629
51895
77545
41895
60947
23073
81564
47686
46019
58655
17799
80703
77033
66594
81986
70565
83694
65646
92299
34393
2341
33059
48807
90300
55916
75567
19462
11640
60530
92020
31604
51183
92459
39374
7705
22788
14457
90655
98682
42118
15070
89221
98285
61361
88574
34657
43086
52459
82092
2696
14508
88006
22003
84514
43225
71138
69061
66195
2108
73633
97056
605
64263
79609
53055
16543
76887
77458
85207
97111
6463
66977
33065
25859
93724
35499
86860
96447
86146
41226
97346
79323
63334
17037
61595
37248
10107
80647
8540
85136
38290
13230
91809
93924
23610
33631
95346
50294
79542
89379
32510
49768
84353
99063
77941
6775
5534
40973
45429
46991
54238
26310
86906
44568
31344
29539
10880
90314
93552
60266
59813
63124
17562
59503
42167
35194
42270
81063
677
39690
84735
85228
57501
14680
73367
44679
77209
90243
7598
51080
73028
51161
74119
69624
3719
88434
17637
95037
35171
92986
54254
2134
274
14239
92707
23696
24938
90698
54442
89709
50528
32746
40477
12671
67060
4515
69544
37505
6139
9180
64380
63642
35411
19448
13182
98198
80275
64457
29610
19429
96964
45838
61033
54085
47396
82452
45780
75070
41411
67851
51176
64274
75647
89651
19551
68234
13972
54424
68709
45671
62560
34139
63639
7989
8410
11194
35717
20526
872
74144
78272
39568
32730
9257
46719
20410
89132
37793
89833
36409
87091
89615
19086
61297
30242
48949
18918
65422
65645
62081
72215
55644
68392
177
42112
25820
71732
18500
98321
11931
44956
10950
82343
12042
92042
54893
37491
93397
7487
81637
40570
14576
80906
87255
59285
33288
96463
60318
86952
45346
98240
50609
71634
4771
95447
70092
24458
60265
91953
41499
5597
87278
91990
30792
92925
91639
91029
19507
6869
37884
50857
43447
51047
16508
61856
85260
59680
65787
20692
79973
18711
81356
6158
69578
63318
69386
74942
53578
61669
83587
10592
50069
54475
79240
26687
36743
15740
98534
20653
88536
3628
79829
74176
32520
85585
99088
10857
94605
58746
76377
50866
99169
10001
4686
59759
46092
63906
48937
78001
30567
86291
39878
24700
88577
6796
29305
80753
95207
88805
64197
33490
26305
99991
91712
41415
30302
86851
46271
17030
33318
91592
19154
63878
31685
28275
55727
51034
31136
96553
34716
50915
23707
65221
76252
91290
45034
47434
2180
64857
42806
6716
63023
64877
59034
19991
93963
31349
13724
84478
80998
55418
94824
18428
16835
6659
23908
85828
71580
51118
31090
15847
7281
94747
9548
58397
88315
62342
85533
58298
63816
27930
21108
4772
39835
43811
54493
80035
51466
98521
83178
21029
78066
44762
93069
91859
18817
99468
42703
42340
41931
37034
24134
52343
48470
36328
67592
61846
11998
39172
13423
86368
61939
32498
46594
57539
61391
28948
81321
73444
68512
16509
59831
88306
53070
19193
70390
48515
10491
47069
8716
14976
34014
47403
6807
7523
43880
35812
89919
85382
55414
24976
77070
54117
10506
14545
22809
33228
67185
94736
13557
90185
92350
56772
20469
6933
16688
8999
87532
39044
49507
44726
74072
12215
74868
59010
60510
8322
88248
38022
51540
98456
44087
41001
32630
15125
77861
75840
41337
12225
22821
23419
47068
45950
54746
41817
45498
43211
87645
59118
5507
88091
56347
83455
15866
26237
89223
33597
62222
40199
10814
84871
4442
5031
34180
66426
40471
82892
66970
34869
93135
51932
96023
52753
38977
87086
44101
71961
1565
8918
41552
41198
49670
3501
88837
44635
43083
4604
51702
24662
75415
8902
8551
94219
3143
83601
39049
60783
52405
73948
11307
20437
48883
53373
45806
11237
58429
24844
71973
74646
17021
67420
84609
97156
66945
93485
69563
54422
55786
90999
69876
72681
15966
18636
97708
36778
63009
3945
72867
81479
20397
5965
10457
29427
613
38994
42146
8022
89148
38420
91993
75361
8781
1707
91380
69961
74456
8957
83922
27443
37760
70682
21739
23457
38588
80195
94898
48226
12005
28944
78489
85290
67106
3612
93641
48460
81667
73985
19873
96441
76660
29655
80416
26129
26733
8061
89142
3044
45019
93996
98795
91242
53496
31088
6340
3032
72098
20512
92167
77232
18826
2753
60687
50589
51977
48116
38072
34894
35955
53229
46298
50403
59031
66395
13133
89904
13785
96526
99015
56105
55506
51167
95984
24056
38371
16650
99692
72910
78716
12680
37611
43734
29129
16218
41703
5235
30044
72249
95313
11250
40225
19499
76700
33355
20156
46763
35614
39407
86296
15941
4659
87289
60574
5983
80521
67018
59942
30120
43496
73061
71901
87924
72110
47146
1822
35041
75588
61798
58516
28058
63152
27405
54371
15648
10943
7535
51598
80492
94987
12080
50533
92692
75680
90875
55082
68484
31516
53817
23906
84181
60040
33546
66240
96480
22896
46798
74642
58745
18241
59982
82684
2649
68852
72733
57505
62400
56989
76155
90900
41341
65241
68823
75084
4749
28432
75380
65912
32238
25112
52591
51745
72507
5399
88581
18902
3198
42963
14912
32202
82069
54703
95770
76451
76354
25914
91986
57950
71941
45010
59305
55636
23428
67285
23301
65768
83298
84525
77940
29560
33308
82965
29128
29843
32930
22892
53819
65829
96048
21857
11730
84617
35467
72758
5434
89511
6330
77908
5913
68242
41728
86471
58427
88613
17087
87912
70487
21743
86267
8667
11684
39705
12504
47747
44526
28789
54427
79868
28908
24674
3920
18549
22071
51277
90635
97952
99085
9469
30817
67624
40673
86980
60821
16963
2547
33370
5197
69635
81942
4627
30232
20154
42253
93574
30390
38582
57238
77349
24021
95549
20234
64260
85745
49606
69234
20053
38683
83221
21012
24523
5966
66075
20657
32128
61894
23715
53584
18463
58648
29465
69647
7242
63849
8588
93374
63306
61175
34306
31193
44223
85247
9547
36859
38951
69166
54927
60953
74733
87921
42890
12055
97808
83892
82833
26567
94301
59016
48378
88783
63579
40192
2580
19765
69428
95931
45635
2179
42054
84330
16466
82356
82777
91141
42453
82902
90719
43159
78501
73546
14730
87728
10900
87616
72113
25491
4560
2922
39866
7466
5281
7734
78858
82324
88270
84692
49203
19560
75518
10901
49940
38848
85643
82469
2986
30489
31882
27815
32111
43678
86192
82199
11246
35298
20761
40155
51402
45985
54444
80137
11253
67947
36426
42529
95939
61670
5420
85974
52517
97015
39415
41236
11537
45387
48287
89862
5396
60253
49112
6697
49537
6797
87170
47402
99724
57508
56660
56970
24388
67712
31916
38884
51016
92280
28309
1897
32112
97617
13862
14538
76809
45762
61118
89632
175
47296
19928
10251
62602
51453
54975
95567
77683
15826
9721
20034
55612
72642
7407
37206
68485
21007
46871
22119
32449
42858
45278
97005
24477
16842
82366
15800
53010
46736
69231
32628
52813
89127
86478
37589
85847
52029
7860
44618
23853
63526
81873
77425
35599
16103
80423
3285
59690
57697
60393
1161
86023
8157
46393
84991
35941
9120
13039
59569
5498
44865
14258
43194
84969
21704
22128
80258
36639
54513
59995
80658
67551
58845
48449
17740
31231
1337
47507
24587
46496
86674
22953
64933
59399
49454
57809
36994
67983
81436
67234
15991
28858
10906
93278
79947
27628
77822
72029
10701
84214
65030
67213
21103
18378
97771
80144
32823
86775
16030
80143
13692
81005
5017
14726
56429
12540
83068
79132
97437
31627
29616
55961
40298
81309
19978
48782
58798
30972
42044
30072
68761
10919
19535
58542
89519
39954
51799
30741
9177
97985
57788
20211
28427
3432
48149
26601
7387
20367
82755
78074
77648
52101
21164
98225
65271
70651
5611
35495
93952
76944
49252
89548
84972
5239
46997
10032
54861
31972
47161
73796
27323
84470
87949
40823
38740
62269
93544
3650
27863
69
77603
4002
85237
98410
75225
43665
86667
93609
21289
285
18664
67417
88141
34438
57049
86353
20184
96834
23675
35762
84691
29439
73965
18177
2302
42608
9537
19137
16521
51659
59991
42562
84736
52030
21173
86934
30188
16720
28101
26580
95131
22359
25658
11247
11188
26081
60554
8369
6190
28642
29613
62417
91024
37903
46611
51942
40524
9663
7198
86017
81801
97710
68971
70775
36577
45271
98210
57958
9481
44911
45405
39723
21438
41830
54739
70431
53949
70864
92424
17486
34255
98785
99342
27392
82096
34846
54592
30210
86218
66035
98294
54786
83915
5279
4069
1963
19984
25287
1
56246
55711
45963
43643
51492
75687
58866
65831
31257
20658
37726
67576
90846
51001
78721
47566
30944
67990
29826
67622
9055
63123
33914
89860
37968
97155
50913
1990
10642
5358
34785
78750
90704
14709
91819
94157
70280
94058
2612
50849
93146
56327
50428
40748
16313
56820
62216
98894
74318
23051
90002
59472
89905
46445
98105
34127
12113
24537
49147
64968
18426
19789
86341
57410
52305
54194
57327
77244
15366
11326
79906
29949
95256
41884
12265
739
47190
75180
69650
39484
85389
92453
96055
55798
63914
48086
38899
32285
63358
26325
26324
56576
78395
36595
44638
91067
86609
34295
73309
97168
18438
39833
84369
87858
17676
16376
84643
65343
55429
51076
83200
41760
93911
78149
29014
92560
4256
58421
94694
67903
95702
39455
62727
83948
22296
52941
61349
67157
92279
62997
4133
76225
17803
89910
27459
99516
22579
68223
96891
5754
28976
48309
76200
92783
2517
54345
33468
56325
35641
6109
6343
53565
70477
65907
89960
69984
84010
68141
21137
39937
34494
67303
60732
56258
49253
12053
25424
70778
7291
97661
21436
67368
12760
67004
73050
68531
53323
53709
69135
26634
43639
37809
50572
2879
96574
27518
12807
93868
73220
99142
9522
41801
84559
88012
31681
1449
61993
83853
76486
40173
75502
27826
84810
68502
14782
1798
71544
26790
31107
65094
60795
87224
30080
76719
81799
20575
83341
63220
20951
30356
88387
10306
25625
5500
54833
20784
61201
9082
73630
83921
73486
84970
44662
92724
99613
16735
93540
26139
62536
24951
64212
715
45179
60199
66201
34092
6010
69619
60940
74681
41010
28441
31147
85422
55568
66984
47754
90591
5787
79559
98241
68628
84822
13439
47042
80791
36504
79082
86355
98588
42059
73980
25466
43966
22463
73631
7686
39941
37003
48968
38501
17709
66234
71681
22215
84746
9868
72011
33045
54678
88029
68962
19416
49005
52056
40966
73078
811
51494
21985
80466
96754
97118
36309
327
14370
73828
9624
64195
24866
76481
54370
51797
72609
56344
44997
22853
87602
98688
68996
39794
76709
57241
57734
99084
2772
76123
16240
15970
13669
62984
21231
48598
78973
62184
35006
88593
34724
72037
48109
80640
68337
8135
50961
80584
66732
70757
23425
93390
17432
64861
44876
77016
61246
72806
96468
8188
41996
11180
53046
10358
72862
31201
69916
67217
14863
14119
54124
50847
96236
69312
94590
52165
5523
83185
57071
86457
57296
49072
48349
96823
25584
94008
8585
9341
121
20043
56241
82095
56781
16785
97817
36602
11239
63103
65040
62062
18420
808
35483
10788
28225
24743
47896
28153
22775
15264
84791
51743
87896
72679
2276
16699
33883
6585
69714
75166
10714
69573
63010
98180
12330
11930
30462
18313
89336
83083
61386
33474
3662
61743
67883
34550
42835
83442
34540
63911
57372
41261
33188
47297
29667
67743
81606
7899
6902
48857
18779
47639
27026
26512
11114
97892
43584
39681
66920
88153
43778
97571
83560
57020
30014
14432
91688
34936
52136
80218
95836
28419
8776
85467
76142
64421
18970
6976
48748
18806
3250
49411
31980
20396
78035
20757
30526
48214
43851
9403
56312
54447
95180
27268
7299
90744
59866
8634
84312
5324
35068
15506
82737
3818
22472
83360
63189
76941
86964
39486
2942
71818
7317
99117
41459
79326
86911
77442
25208
85813
75496
90966
19396
19769
394
77392
68622
89166
21705
44209
55523
80366
73393
93469
61605
62250
62481
72
9596
13249
61065
2425
22963
39034
50724
95747
84780
49672
99224
94370
79256
85250
75442
43431
8864
24256
33893
64487
53020
98935
79402
92984
43480
12616
79945
88250
31630
23414
80193
40151
67939
31649
18192
41478
99708
64698
18039
2801
60694
21688
98235
55076
39111
42581
39828
67167
46035
13021
32681
1522
32279
34699
238
85524
3513
4644
46007
50645
1395
13510
22372
23573
63073
98509
46515
90063
57475
27482
99387
33717
74747
38575
98364
25096
41105
24101
4444
11641
27356
81855
4053
20217
32120
59612
56259
40781
99606
695
97388
73272
9590
99958
2464
86333
81896
19215
20651
96849
33595
24104
1015
2820
11759
36467
27306
60233
41535
71274
342
51532
77235
74247
2156
51542
31274
52363
94575
63685
58409
29493
98016
14914
34093
92308
62572
55435
3403
85380
27869
3614
3368
95792
89208
11218
26774
54404
22884
33023
41159
2468
23778
37755
75354
69449
81916
97362
55449
93127
61635
36473
67068
10372
43251
39048
34110
83
539
72416
8700
75426
37386
13605
21756
11918
74660
5765
11018
35182
85215
11625
14289
48096
18034
22492
4257
30107
2093
86692
49347
23058
82553
1627
59405
99570
92150
31303
75967
74695
9441
55154
40887
24286
89565
6560
29175
1024
36069
45166
15271
93445
50494
50164
43420
34889
17749
21131
71178
23206
21747
27222
12027
58992
7648
29563
99578
39588
52676
16462
36521
98944
24227
56253
9691
64309
51856
33840
98956
22644
77009
90413
73646
73601
75767
10080
80823
18954
23185
92397
81988
79511
21967
56658
62281
12946
1837
45038
3119
23138
92544
47479
70029
21452
57531
20274
63663
68687
75214
9915
83653
27186
88453
53108
57152
37940
93117
29740
9364
20230
89821
98430
47794
27705
1344
10064
64536
26683
74725
81256
79461
46366
59635
49421
62323
27468
64944
44365
52681
1804
36666
80351
52281
2936
78652
71604
54391
83378
35088
14201
65009
58650
93921
50764
43786
23844
35203
63172
18814
74514
14798
24552
88582
42161
42209
50707
92177
7147
4688
331
87219
73593
37150
16758
21536
8564
57550
71448
95449
69707
6828
30201
87971
82194
89819
55312
71266
7736
77661
67206
9179
39375
2906
57913
25555
93903
76681
42678
48661
97870
55175
20786
94231
58111
37475
55750
59804
64845
75161
79226
46350
32558
62747
45736
80168
50155
28236
92570
59151
30648
7513
85001
86929
86812
68360
54347
2581
69029
18259
17665
22557
8457
70998
12926
59542
22778
45568
41863
78257
43492
57968
9902
84977
52433
83932
26405
78328
46180
16059
45067
71989
2209
21175
43816
68786
60580
65257
92005
85734
11748
54552
14277
93492
46252
39843
13950
13214
95391
56045
5986
79658
53366
80340
90007
88452
71023
57525
56012
84913
7015
82292
24764
3252
76623
53663
35076
19484
53075
57775
14453
12146
59389
62891
36003
86275
71094
61114
40845
68192
69713
49909
74795
44077
32952
94768
26689
83141
39903
97500
31368
14206
21079
33420
97511
96734
5857
12544
72272
86155
25960
23348
35884
70860
57328
96794
88773
19876
85811
64714
78243
98481
64179
17151
6338
3767
74386
72183
62129
74787
39567
10947
9828
52719
73737
99968
43613
77460
36365
18513
59441
74491
12049
69659
58148
19573
73263
64971
56888
64107
42023
60477
2929
16473
56913
80046
13828
60548
24112
36792
95475
62869
65759
67503
57544
31354
41048
62784
72937
3484
2110
787
86720
53182
47429
45417
19694
89220
37437
79207
41053
35611
23106
45520
82595
75092
8774
42408
90136
34117
81056
79663
42196
27508
3347
34956
79022
2843
68051
47425
7665
55097
86141
38663
3637
68211
13542
36411
56240
10597
56971
7216
43793
31313
60414
91597
25288
49908
44653
70913
28021
8409
61891
3978
89320
18848
55927
60964
19804
67479
44259
28036
72870
14316
8140
79777
57091
50575
78698
94935
9603
38139
13845
5770
5325
32030
16301
7071
82734
78927
42781
51086
13535
93288
63282
59065
66227
38704
18903
53521
3451
26717
77237
39805
45004
49092
95462
24465
48300
93105
53120
48467
55273
10839
61320
6668
40051
1728
98978
46006
55513
1722
48359
22822
38840
59517
4216
88505
47633
85053
30445
49524
57603
64183
90054
73766
57095
4667
13232
24453
31987
11776
37383
39789
84198
69199
9226
51234
70476
35901
68980
19835
17865
98884
39804
34982
38151
34369
73089
47601
62673
66112
91267
47645
44033
93786
9329
97812
42197
17604
88077
19874
29273
57330
38924
91703
80634
64370
62768
74928
39777
15071
82252
16801
55753
36874
2919
54811
40805
43801
72558
5129
67233
15080
39676
30023
31648
41108
49459
20793
37544
92394
727
77167
6031
35316
79921
65921
96263
25646
14766
52175
11132
94017
70172
8100
37301
32810
34370
4871
35564
21758
96602
55672
97496
65275
56454
24721
27370
68130
81716
23608
9367
64320
23600
44796
76033
25090
10755
41642
48870
57439
90547
78043
20222
25319
16005
96012
49945
70791
73389
17364
508
3590
92899
79545
68188
12274
39001
9011
24684
88263
60433
55553
74366
4190
42357
80200
84825
94833
82705
58729
8550
10323
45426
86655
26955
65149
53163
9739
76600
13799
82677
8404
4231
31375
20660
14018
98625
90665
44464
72984
98510
18634
47263
88601
82146
13512
70073
71113
35712
12120
1587
80655
17932
21771
931
34034
26725
89276
11800
56561
16857
83462
79785
85162
49585
36684
3882
25846
74244
19934
10042
88094
47432
74903
50632
1156
37479
91098
84037
89216
24775
44192
30476
6764
49592
73660
64687
95966
55327
66776
24052
14351
32427
21208
6438
99974
57147
93332
98253
89293
68262
37676
40384
45340
5154
46122
26875
13113
58287
16471
77345
34961
39422
4929
57300
51246
10832
34759
37566
67951
61098
65962
57442
796
37796
73885
23522
22385
19175
77324
15487
73817
4293
5793
81027
43466
8531
59642
20101
37002
20652
47522
67702
28445
64931
29605
30951
36491
47972
42620
5030
87358
10869
35979
40534
23500
10257
47099
57647
63298
25788
1095
74165
60500
10964
43271
93737
72451
4471
55604
69319
29837
5855
93116
93215
45383
87212
89581
46415
38491
11082
70593
87080
12831
37991
89376
57046
13672
87127
54629
53784
76194
47276
69998
61141
39029
52882
24589
40430
23538
49772
96587
20808
42522
77647
22548
25915
24531
58653
79680
97727
819
85914
42687
55258
87259
22191
402
57526
67544
8091
299
69102
12287
13600
69675
15729
6166
29067
38426
68105
93415
14775
11162
47171
48176
16254
43642
1433
70598
72602
66948
20131
61840
40717
43976
60278
38255
28106
72332
11402
98771
47749
38927
64064
83499
41124
13645
10978
9900
13798
51798
50309
21592
69696
6941
27322
66519
56941
98589
48543
20276
32205
88824
40226
89365
61892
91212
54644
42338
19639
95900
80370
4693
83117
40587
28825
68661
38770
73682
56677
52355
73325
78278
69552
57246
22360
27115
33724
29595
21457
33377
71366
96634
8995
94584
8460
60113
99312
33709
49671
13712
89897
15493
46609
48527
47676
89544
35293
85647
50906
54685
75776
1628
80060
13578
38276
93305
86021
45339
80894
71269
52856
66899
17282
56706
55578
86947
89831
52833
849
97402
56524
72080
16012
66279
31989
16219
46751
15579
3979
35345
64825
52555
94004
64483
95950
29869
10725
90912
4670
78621
16249
35726
61835
62242
12793
8916
89302
82115
33211
5243
18342
45225
57678
68740
82162
99654
41759
622
93414
76897
43952
46134
96886
95094
13727
35141
33633
38168
31930
62247
16803
64268
76702
22295
31135
54481
30027
53513
37238
43984
56676
62837
36186
65107
35434
40159
3698
53289
43501
71408
9689
24826
51478
81053
45667
65108
92084
51551
26226
69171
99382
49363
68093
58379
11508
13784
68389
1039
85115
40257
33550
31686
49850
22048
85048
31149
1958
45514
48561
41188
39904
68385
41617
65950
5071
94815
22065
57457
25315
9483
64593
18436
11308
83043
60214
58817
4177
62808
52916
96050
96917
6453
11387
98420
3168
37266
26354
63141
73700
85450
27975
56001
83909
41845
38721
52412
60249
57777
90342
67237
39901
28425
57546
65456
77587
66422
56363
10061
23751
58617
72923
96684
14586
10870
68830
41457
2673
65098
7721
99988
62830
8160
23597
32723
66337
716
11500
73652
98802
34362
93804
37669
59344
77046
80145
21672
62083
25536
16342
53269
86735
58270
10736
25359
7822
43638
72397
46711
84035
64435
70104
95619
9716
58283
98057
40708
38410
61799
61642
12536
2235
46077
6206
96688
30764
93513
2595
29705
31609
47876
42792
9085
27373
27415
71807
18056
72323
47942
71996
56688
96959
52332
31580
58495
87561
53065
21127
12407
52200
13241
6051
56483
58662
2773
36885
30645
34825
84681
21203
53494
55213
72167
6709
52683
4055
97210
6443
96755
59002
12209
67744
97463
66551
3901
63990
82824
90001
66835
51193
22911
84839
22741
94511
88032
27344
36835
11192
16827
70926
98411
18718
60933
4762
78405
63570
22326
12082
63552
59644
51738
71851
96580
88293
78217
47125
64180
89797
1534
57142
44182
83864
39290
37159
91099
49471
9113
15299
47877
58673
75283
45209
5604
64055
84205
35967
57436
85374
34650
94175
781
3327
94076
69318
17984
68380
5799
78094
28586
9383
68610
70513
7834
98395
18727
42116
82020
68049
42772
72875
89670
9578
66738
10864
12279
24015
64894
55234
16639
51947
65515
29071
61024
58981
9446
67017
45760
83623
9582
16672
58820
86114
75824
66993
73585
24617
83611
62706
83825
61266
73731
7585
35422
18685
17995
62986
43700
58538
27386
97435
45097
23285
14728
52376
39395
43316
45461
84797
10305
71341
59787
36883
3409
84686
35083
23930
78594
67797
75956
14046
93015
61569
4980
21595
67099
1465
8574
12727
80980
44080
98695
21557
91135
96914
88692
49130
46280
30945
22789
31248
13591
60807
68872
49489
42379
44446
50248
76091
8096
96359
74052
78317
59048
12550
45731
38948
24491
68746
95029
99602
76068
42398
88220
5467
42372
91033
69321
97631
83363
71267
72805
91417
64895
13695
32631
49463
30742
94388
10571
23363
38513
55263
81726
93454
58082
22927
26349
22869
29985
62050
77361
46249
1791
58842
49123
15204
42557
48263
222
65577
2577
75106
65041
96172
61657
10819
25486
13417
74724
14647
62507
18089
63131
26829
20152
75566
39507
74106
54794
86615
10706
98825
90333
42971
89575
20870
26163
13192
57880
12236
43143
14251
1966
63905
26351
82658
76682
89070
96986
63904
27079
23648
79703
61886
31959
72600
62850
16088
10019
87163
20057
95182
12253
49883
35667
6559
41213
39545
53678
65956
59471
9406
86123
91389
64170
24088
22173
55770
9796
65549
58251
87628
18911
29800
22763
90685
95529
93521
62753
43862
2229
94026
39217
70969
87766
46920
71437
7580
98480
56106
5745
54024
24378
26027
86465
56398
76800
44363
25272
43564
11953
3714
97687
38485
49644
21876
55126
38013
64379
29507
29956
84984
64846
30090
50435
31769
45791
89572
7599
8721
93170
64520
62978
47892
10609
1143
61410
77286
12677
79246
64607
35629
57915
1679
37746
36764
95544
16230
64538
63565
23165
38391
85552
69201
69801
87038
78078
74296
56691
12917
71120
70119
83664
75419
32315
79347
50426
65623
81718
62773
57083
59294
59250
57653
44971
19196
28999
25829
81113
24098
1945
99102
87497
14080
11924
51613
17506
4077
10867
30995
67991
34578
91904
17870
33716
71782
82040
99127
17725
44143
94754
92301
53257
81373
9639
75132
82519
6207
92254
5519
7815
60899
58863
31450
5862
87160
59618
86543
52647
28465
39709
32188
76403
31241
42464
31371
83526
2148
19493
28881
46442
22962
6277
6975
15782
65165
71864
43745
8357
62567
97512
42894
73112
89762
21883
59044
89038
15476
1262
8662
36082
29492
23107
84804
81254
62116
11708
47217
39235
84594
27418
10687
63326
41999
49097
71897
76092
66248
78447
35174
79204
28517
8245
47879
24329
70217
63463
50154
50075
24856
22837
50795
7521
36380
978
90242
26297
76972
93076
64213
30490
97479
58692
28448
19490
69605
66823
47596
96185
16558
34862
32787
75284
28887
58240
70462
67297
86184
77810
48580
1560
83910
49575
25103
17237
71431
40855
14822
84698
56348
81319
28031
58906
69776
40980
82745
74140
33605
55953
97014
10689
50215
31866
38909
84828
78079
59463
42937
8660
20978
72686
71979
84014
97107
81586
99300
24309
36700
64671
87883
7100
92018
7502
31591
53742
40568
88468
62723
24250
56088
73857
38212
96878
8646
1078
66192
11882
71002
17494
96708
19824
7982
48498
9994
87859
87120
56889
88573
93944
48085
8323
46160
89044
5998
88689
22195
37374
16871
37628
3982
87482
88137
29830
85969
4948
76073
19165
23066
78625
44277
47301
17916
35836
52148
34324
87510
76971
8527
1370
14888
80141
68206
68050
53325
45677
9373
78623
50655
39419
44246
74255
64078
25433
37823
30978
60896
86490
44344
14547
7990
15236
40733
30379
35738
44433
28753
47907
31801
34725
21076
27922
15813
37110
25565
27756
66187
31741
84001
69760
60922
98165
11157
70963
95543
22985
49204
93682
94316
65615
99597
96909
82913
72205
4007
86297
95586
56585
69202
28519
66737
72631
30522
83596
32362
1604
55011
90693
58890
2724
94580
39867
68950
18172
37165
37243
1162
16315
51261
21519
646
36369
62508
76796
90339
16781
64008
48735
64728
94522
18126
93061
73066
43830
23207
92705
91224
19326
98903
10364
66568
7545
26064
97256
44307
12474
39201
75640
43686
38006
29719
86360
14110
7816
53021
46061
44252
30903
12443
77197
48901
61112
93729
65315
19274
75480
23276
89625
20942
45052
22116
94787
39011
97318
53776
1949
67572
53925
85967
29143
63720
54163
88289
78203
43620
38179
93876
69592
52009
77394
20504
28012
37694
7805
93346
114
14628
36674
66751
72159
5254
4254
86641
66320
42373
69215
88426
63738
84073
70827
94313
28488
48619
30245
28403
55336
82805
19890
47848
75992
82271
91855
74105
99999
40033
53507
25010
52608
55144
55370
33529
99315
17925
44871
1188
88332
9695
61700
92603
72415
88512
94331
70214
47159
69361
2249
79731
64353
48731
43548
84792
10976
59212
34178
36124
56322
82398
96595
25935
39532
31718
12363
13199
14503
9461
75755
43162
66246
9600
30327
86048
4341
87781
34332
2281
30367
50498
49654
60843
51669
62589
8647
26508
17488
5407
71210
92186
65811
59582
34152
89873
40365
50714
29472
34800
3126
47057
80210
15358
20205
58635
4802
50122
16806
51778
79269
77231
95005
13156
34329
61562
26924
60789
53816
47598
34482
39478
60611
71222
91104
77723
8433
72957
58613
91069
6074
81915
57289
78749
72423
46277
70419
198
43440
90863
37831
14737
32822
50981
28698
77590
3540
9768
75638
64131
73270
8222
24423
72038
17623
39792
56945
91447
19572
85735
93674
70250
11271
22000
56338
65200
70164
71122
58996
39972
36341
61837
89240
96072
89478
89239
97744
72412
75494
54976
64319
43474
55549
17658
31351
76981
29937
45468
18145
21633
22965
52478
51600
5097
37845
2731
18888
19853
51620
44716
9565
66584
23874
60873
14225
44804
76409
12319
21339
70747
91614
31595
66655
77217
21150
72753
54574
70497
98974
90512
63356
80049
88320
17539
44057
88902
35282
75322
32264
20330
38144
29816
28402
44524
80506
61536
50692
33331
52957
92624
14484
94602
5462
94110
56035
80540
42856
35819
38681
86636
51748
7328
32477
54340
24852
49738
99114
5033
91558
41951
48873
26570
46474
9909
55514
4509
80417
77575
694
14093
60717
4606
47236
79709
26879
26941
25166
12281
9208
25860
45926
63085
14287
74287
99215
59307
59669
35677
1075
54624
73587
58370
4877
12078
67707
66567
19678
48660
18485
9361
67356
40356
93323
17844
40344
9354
77183
80761
93852
62967
77494
19537
81569
38666
61316
90571
19797
92493
22784
21446
24795
80348
72393
83926
19752
12187
93016
56748
23944
34993
86959
33360
81930
9638
31230
41867
33643
32584
55232
81460
40878
51555
53653
76896
7371
87941
6903
12522
78762
11712
52460
51751
36178
83253
98920
16424
88872
5167
77175
85015
76247
90552
48306
16001
13772
51498
15590
51013
35310
15614
8032
55566
10470
86485
4295
67511
81305
33502
28974
13973
27701
62482
1302
71242
14954
60570
83738
7132
66903
20876
88397
81164
50334
18690
62515
98018
13048
97974
92433
12561
74864
5153
83730
76857
9655
73288
72216
58250
21474
15689
15589
65590
92013
84201
41153
56003
63080
66642
78699
99710
48132
35273
53464
24545
48413
8402
92558
47954
20472
74742
39599
84479
13017
89325
77227
55111
17938
97169
14982
50361
56469
43992
62270
10741
11016
70668
34323
53122
91574
10853
29919
79012
85253
82585
74802
38852
45503
16987
49165
66809
56617
10510
63409
98943
88191
56440
48043
8075
77620
53628
50586
33773
14588
40027
22239
30920
58033
92049
38447
491
25904
70706
76446
74289
94547
42051
41338
58313
81657
91832
79424
30621
54308
61969
86508
73131
66364
99049
37146
10994
42000
80414
55716
67967
19972
62659
24985
91625
36399
20673
62215
7801
3814
51658
93426
52818
2872
47554
60505
12277
29910
84875
28297
98535
18092
20549
79073
94359
32793
59218
84141
81618
92492
67755
8163
16715
93463
24172
5091
38710
7530
40106
22197
71177
54393
3246
91210
91047
12948
97898
74397
85684
47731
81439
85680
64111
17739
28702
10277
80162
94478
44636
92578
43930
43742
81820
29456
80899
99704
77208
42534
27402
52767
18792
16759
90110
13671
95751
5960
25114
15081
60296
48930
50515
36948
75971
87143
32459
26441
50567
82995
85940
64778
14896
24854
89857
2647
19367
41472
53557
34202
68418
96643
86257
35973
46747
19050
58336
46720
81416
54237
81017
50276
53061
42365
76717
43283
16211
3780
10430
39849
62898
19545
82179
1952
21304
44298
25071
74443
90963
8736
14030
21779
98959
61925
43478
75014
36196
21861
14950
22219
86071
51905
93448
6499
36300
17090
63070
88292
65617
71104
59822
75798
75164
68032
58999
21145
92252
25510
95961
47439
6262
27126
68967
92867
55113
69448
79089
44075
99723
34192
90324
79575
35878
83029
53778
95921
18267
64003
95181
73000
72058
37828
32755
62284
79628
4536
28952
52452
73424
23812
87726
56988
65935
52543
14023
18550
86456
74874
9418
63171
63805
40995
54294
76310
70968
9834
37015
51263
78291
69799
73362
8534
5371
18285
4863
51813
99642
18801
93355
64013
17333
1221
18625
50217
64540
35943
42726
40122
89958
31848
53847
60294
7529
99571
25427
13397
1907
79880
57025
7068
93320
1131
95601
14121
99715
10645
62197
41714
82608
7671
18536
91346
40630
62918
82471
39072
72117
97493
39242
46755
68324
83711
74767
1107
51090
8251
13590
99365
9650
15555
74547
32183
56752
68061
52041
17332
56997
2353
34516
70354
80385
23728
27078
99725
2019
34564
21294
25195
96197
33636
26645
97565
84237
27032
6083
32177
59456
7241
40663
8639
25080
26608
9580
73467
25884
56602
8363
89878
39040
88944
6057
10875
31406
8595
5559
70958
82732
79475
11614
21161
70332
41257
48033
27880
3391
7803
94220
6964
27445
8772
71693
12145
34275
92383
98995
63035
95224
67248
20073
51052
18746
602
63267
29503
27860
86628
82317
15212
52508
5013
83245
60138
64927
52623
38902
51639
52559
3240
95452
24578
27739
83607
55197
96501
25814
95560
19512
16504
74916
58448
91373
10142
65403
66282
6163
43049
92830
93143
69328
37661
94890
53622
74860
33356
88499
48682
12980
26419
1967
52712
93435
10600
67184
68497
64162
52344
14255
28872
84408
42433
25589
63000
40223
24635
71257
97625
16623
50416
36825
26874
52603
826
20278
27521
48820
27885
45943
66045
18931
22194
49589
62570
73903
72016
87430
14329
40217
65344
64617
48696
82580
51451
75410
758
38449
18767
74183
3330
4646
95100
10584
3481
97287
96339
66415
12332
61883
67471
81706
42805
76081
79119
42841
14602
26128
2111
39306
54851
88193
90669
7089
82600
93145
87804
71648
35475
27288
60912
38694
90481
10106
11267
74410
44452
90058
73553
27935
20907
2112
88195
39469
26251
3039
49918
7949
6435
74407
22088
17242
53843
8175
85780
43247
98997
92311
91754
82227
37343
32017
25737
13437
77967
59127
79623
49155
71695
71504
35064
70174
77116
63962
31991
90671
86564
87203
44699
97481
29311
98205
31268
3547
23542
86853
23769
31773
38205
64108
5329
586
14071
17592
22474
91857
33827
89232
20969
96141
90817
59259
96901
62017
75797
27189
60956
67924
2786
13084
35590
57923
28918
71140
24313
79675
37668
83718
1055
78258
37102
20268
48738
24291
41672
46579
17189
10980
88749
92488
11172
13957
14274
50002
77159
9888
94079
67968
81850
51697
26694
69602
7972
92510
66676
25883
8690
98630
60618
44274
62374
57646
7257
34
61027
25535
62939
39045
54675
80802
70848
58590
92367
51044
51701
70601
58628
94096
77881
74821
88618
46020
13646
18838
62140
21257
29625
28365
66518
11215
95761
40361
96449
79437
36954
22143
76376
22897
2803
7316
71767
28684
11808
41264
85408
84993
95975
30395
73247
4310
19679
28151
96515
52761
67371
89329
76502
12668
15447
34052
59662
59918
450
35367
67855
21307
58040
29486
42601
32062
62233
77917
70091
29557
6425
76173
87221
22839
47859
49157
23272
2455
67763
1195
81774
26605
58734
53855
88865
5659
41561
5996
57287
76741
49387
26610
7941
9307
24026
66745
82736
57612
80405
49775
47619
28057
80063
27905
62509
58687
67252
62203
88245
22204
75753
9266
20185
73062
36117
21004
90088
60181
21251
30636
9530
3783
12965
22409
79005
3763
20431
29277
73283
81336
53826
97723
86753
62189
62802
30701
24260
12206
91675
70330
36634
69376
19689
81212
91260
70699
70896
98817
35197
88951
69186
13231
68273
89505
92630
975
63619
64909
73848
43473
15437
52549
45122
78228
76391
68913
23855
66357
8178
7791
39886
87364
83017
62979
37939
2130
91512
47580
88287
92100
19466
9703
22042
36998
54439
57624
81384
15496
53514
84095
52852
35811
50503
20281
1533
1776
50506
19135
97693
93774
73010
81956
22538
55155
14077
99609
51650
14356
61681
8870
4360
15282
89274
89592
49078
34356
68467
27719
75466
31896
19771
8668
29174
30341
18013
54830
33904
61161
7855
62916
64022
42407
99246
5853
77057
61004
58873
7026
73748
19498
73399
76503
2086
1040
93245
98367
67193
7027
43864
34520
55364
89242
26968
4989
17107
85050
87467
4574
79287
74439
70010
35918
92034
85385
60023
99223
33542
29834
74469
77992
78519
4024
89778
23609
68252
79764
10262
93723
70633
12138
564
72138
23433
33747
22568
39544
17058
74019
65370
53064
190
57418
29017
91370
54871
26929
60408
63292
21509
15445
78603
30183
19727
31032
67756
18768
85990
68870
55440
68947
61485
27247
33201
69722
40646
85894
59491
21003
86276
36406
9643
85373
63321
70813
85827
88304
1806
11587
33572
50590
84310
8466
26576
23389
80024
19295
91088
87879
25725
21331
42143
57978
64940
84273
1831
4305
14849
52054
69479
37902
86806
4151
20315
88695
87567
14114
50399
88813
45908
46539
14044
50046
69719
47965
55040
50147
62376
48665
22743
86185
22166
28723
76136
49511
28341
55299
42669
37986
26592
99912
20572
67245
38014
1890
17010
94844
56721
16297
21874
34396
18893
37381
39428
27413
8715
45910
15205
93827
48560
86387
83090
78940
81591
6038
32611
78509
7924
99791
85165
40651
97832
28485
17319
5185
42527
71936
19772
46141
20144
58785
50983
24871
90455
97467
77260
83416
11583
60406
85905
62609
5470
46370
47307
66646
37905
62665
47370
93385
77624
48781
41191
41789
89928
61639
36755
84288
48222
65158
70819
24043
4671
23109
96157
66266
96264
15851
30422
78176
16677
31396
22320
51365
67298
66306
34293
83532
31766
83772
58372
12753
94611
75610
27893
92037
40575
30957
80781
6567
28919
10209
25938
32345
47529
93762
71354
4402
57453
78308
53296
46885
83443
97212
2486
72677
97836
42520
56574
51050
80433
20646
66532
58026
96690
46324
78281
89991
12248
78983
41200
20522
2183
47525
75434
89367
66121
27215
96430
95380
87908
89942
46887
42762
65235
77637
32082
56769
97964
67692
47775
16856
59915
63391
60431
92726
6955
39980
98612
3167
70772
12127
7555
22337
32598
2705
27241
63681
33310
15033
35456
42035
11379
85748
63621
53121
75289
4301
78524
91441
74445
27914
90391
80362
82873
45185
96942
18137
76443
33629
97226
46645
77373
75885
71541
43189
11879
1438
78004
80854
29353
94184
24443
81763
21021
38714
71909
9555
76230
11971
62292
21616
84322
13094
83651
50896
70046
78860
9238
9822
23411
99739
13657
80264
25855
23261
15954
31770
35560
81066
68906
74030
80915
47740
22921
87310
51683
5518
64559
27166
56886
82891
5412
62795
96125
99045
2528
28152
65878
55696
66515
91573
30152
23452
41903
13683
24181
53260
29096
71218
48456
15479
85963
26609
42991
42415
37100
98421
45788
92266
27491
78760
12040
60585
45030
94101
15185
17304
70388
76556
52686
76274
31473
18508
28510
80085
22313
49033
73043
25023
46662
2509
79087
12742
30275
86729
28717
1659
29324
8747
71101
23679
83888
2060
11171
66875
61323
51593
69982
36392
70190
50626
91252
30824
96651
76907
60179
24889
71277
87118
55872
39370
27971
25136
79754
18660
65845
36894
97875
56703
98587
69638
768
67985
98389
87720
79463
52297
54335
28537
25016
79817
28289
89522
26658
38723
71420
96890
49134
66659
43682
2032
61053
89017
11656
79926
15620
66072
3654
59671
24307
36934
12441
5901
77084
92566
61713
67452
65369
32579
16514
52160
22192
38325
46036
58974
96576
34277
96282
15399
88975
66998
57093
40561
73382
96277
6279
13958
10128
10141
14094
80927
93961
78230
48318
79896
15396
99178
71268
39782
46916
25723
39650
28177
41177
37851
38299
21039
35229
68613
48371
53743
11576
49104
79378
63197
87947
83713
66688
83724
7065
13118
28381
9523
76590
45189
6426
923
85739
81521
83199
15047
93437
66073
94024
91561
18261
20686
54207
25508
37794
64218
83723
6774
97510
19907
92175
31596
90997
92905
90582
44059
84448
21195
62415
10905
46652
51612
57600
29366
78610
60052
6641
77310
81052
97976
53747
51504
37757
83602
49745
7350
26750
32489
58353
39187
96785
15029
86028
47256
61395
95605
82841
96385
7614
9429
89245
16737
36512
59943
64324
82986
46060
33848
15425
18703
79508
75055
66680
54848
66021
11892
68020
2721
7700
79374
36064
27021
62102
4628
22994
15640
94909
94954
21058
70955
25950
48040
46426
25752
23702
48624
45232
90383
63739
21272
1865
50462
45258
80166
4888
642
39079
38537
84266
92361
25706
89270
60575
74102
66037
33388
87780
10337
20777
83827
75705
81552
5419
79036
40214
71971
29642
37571
74295
77567
60596
14008
96973
53398
62146
53142
45872
65779
48068
64878
72398
28404
60051
91616
72790
98137
40994
32984
44346
21236
61442
10182
21546
10416
67131
91082
85982
60673
94776
61919
97447
69642
12641
60563
58705
42391
18129
74307
98829
53597
64961
94939
49314
71815
38050
18230
42511
50249
96681
764
77145
41227
97053
71880
91979
63768
25949
61722
47579
76138
2029
25104
47259
33948
16153
55485
12317
83488
24647
27041
12661
86004
76188
20178
37327
13400
13040
59610
96859
20863
48232
6887
40739
52313
15502
43607
47202
17599
6068
54274
43802
34395
89068
8952
9473
85449
29275
3849
5269
26367
89914
21242
16051
87102
86977
54692
17491
22854
7197
9382
14393
21212
74259
98038
97541
84263
50627
66989
16936
98044
24947
49467
2706
37274
69387
3260
28008
93502
46626
48600
40654
13548
84057
75733
92735
30575
39190
52157
60136
31999
6468
67803
65038
4587
4557
301
14295
62271
94662
51752
14399
61350
89025
45617
52349
84830
31835
15054
74834
69881
34529
63933
22706
44284
93095
31117
88378
36714
50684
86679
52361
53414
26628
84229
39747
67513
67656
52374
59978
91032
32861
72254
55505
16608
47729
93646
84745
92608
46118
80400
12592
8496
55264
76271
81686
16714
55200
45817
18544
6019
15581
97360
86552
97917
32554
14290
38872
94270
18184
89021
93500
39887
85676
47321
55516
17732
73237
49000
20567
93029
59570
73665
60251
69168
1709
50603
80436
22470
42829
33251
95597
10920
68436
22634
92970
62634
16189
23380
90271
77519
54992
34386
62592
55481
28251
7243
51272
9743
6118
69350
25612
54760
27881
18635
37604
58493
11523
91125
89460
88408
46436
20988
14173
82209
43948
32050
19467
2686
89849
77986
97114
69893
60664
57293
54957
65159
55203
22753
93433
28859
64066
43258
24467
49469
50695
58847
67054
59555
4436
36157
99081
71691
99588
50839
35466
85098
15526
55194
85117
22232
35299
57639
25184
75259
81830
11887
46335
62003
56494
62142
93211
21284
58647
12907
2066
39200
66485
68265
7777
13447
96434
40553
44299
51562
72804
27097
23658
14735
29650
3479
80886
51279
26795
63007
1854
40701
81198
46934
74215
92384
19001
70850
33037
50977
61937
45532
69066
68465
76766
98494
45104
44778
68232
8316
24990
61579
47685
2732
27883
36177
84318
3701
2041
14776
34442
5637
33783
73275
73703
10766
30506
70251
34314
34954
67366
53602
14237
34923
82848
92071
90409
52347
10246
86062
43773
68462
11418
59673
81813
75937
16064
54686
57962
91489
61014
36538
16845
37960
38495
43826
10828
5141
48673
10888
78548
48592
73408
67125
97085
2445
59237
36237
80712
94683
15113
71397
46930
32126
69549
15685
61213
6005
74676
86585
70800
11738
3034
21229
69595
83624
29215
60674
47742
4756
36573
42096
43819
9453
52215
70267
94278
54670
99834
1257
3292
16875
12771
57160
61706
33570
74504
569
51
21604
67917
37887
1876
91689
12259
14004
2175
55061
63447
97153
20019
21288
31530
17430
18959
37516
46669
548
18472
86446
46401
36410
2804
50284
21575
13687
5508
31038
16142
85123
35591
47325
39271
77152
15417
37347
25843
54165
99726
94337
49863
2250
23295
42094
93519
50600
25022
75078
61489
12289
21014
6178
40180
98725
68126
15238
58766
17338
89264
44251
39076
94555
51885
63274
33056
51718
56339
1277
44521
80616
34532
76339
67130
9544
19632
32432
80706
88282
83836
53400
25758
70953
35810
53645
18214
31532
23923
65072
80593
78922
69964
77194
79879
5653
88475
4197
73026
48402
90060
17688
83036
60036
57604
60038
40652
53734
53656
80744
47573
72928
48606
31656
29202
90454
94225
25786
84811
92699
12529
25840
77269
82120
44887
78065
37123
63407
86826
71285
99095
91387
98215
72502
31077
81420
48864
67274
94093
4872
92119
99039
11898
64986
52050
94145
69440
5357
14796
69010
39303
31922
56917
66917
16123
30565
27637
629
32085
6537
64325
53370
15778
93111
29704
64267
45493
35255
42731
3073
27769
52542
75229
48198
83119
47143
96255
73477
79943
34983
1099
89997
85725
61176
95146
28338
404
66245
27851
75741
35496
27908
92217
58269
73664
75343
89623
99656
6815
28090
33634
4978
2862
50979
91608
75784
9336
41036
14473
66356
65027
97909
59615
21703
68553
57001
8434
23003
62044
33880
34678
58976
56877
23164
49605
16344
19190
28622
35186
77383
60307
26704
82564
4395
81275
42276
51978
92721
21406
10937
6504
35606
72258
92773
99490
40487
95518
71206
55356
85388
24584
22255
43029
74202
74905
26800
96817
55564
29000
82666
33584
58682
60727
51858
38400
71683
68691
67660
69885
69204
82576
27814
38936
38482
25920
23063
13596
99735
82235
24914
3268
52415
23747
46666
36404
96489
525
46690
92881
54314
93514
91148
47533
93109
29226
12358
14810
41306
70546
90310
77336
83309
13108
78648
15305
46503
12003
75460
51414
45875
28553
44890
39851
77677
16951
49003
33153
46032
61119
35395
78751
19319
91773
17705
8658
29182
89225
72492
67158
95494
99932
34658
78396
64083
4855
11761
36858
11266
75508
27375
99002
2550
47167
90138
58500
68551
16146
50935
94794
76146
25127
85079
11687
9115
32560
48213
82937
58980
6989
69476
74223
83828
74758
6934
21356
29993
99780
63027
81073
71112
65989
87527
99673
89235
34029
32055
33843
38985
98635
17115
76259
41532
53936
81817
1126
18857
82474
57540
26164
34720
64393
32693
98619
50537
775
23013
42572
47030
1264
15152
29164
78925
40940
12339
22825
62783
74414
38555
17655
51004
45378
38780
51517
31933
19309
83566
53220
9101
10477
77351
22020
40847
75601
66817
76119
60028
59659
66981
86680
36435
91477
41170
41467
47395
6829
69746
38802
93886
97759
86335
85987
40186
16375
29543
91704
86588
7506
83470
82147
90449
73518
29387
67837
52899
11104
92977
44415
73552
63748
34181
34992
17098
43844
19965
76705
62844
1927
85755
52762
85194
63048
64399
99850
29854
83278
56946
35687
62213
5950
18639
44732
66183
92596
43311
22157
92562
21842
73502
34959
66249
57843
32119
68231
65169
411
81836
11145
99501
80764
10967
69808
321
13531
16385
79086
96295
80009
88302
11667
25877
75653
90111
7370
55909
98104
87183
45979
53752
94106
40607
32777
89117
89591
55216
23247
34966
60762
94501
10063
28311
35476
48278
42165
36441
5789
42984
16649
57391
95142
53084
41133
92506
21636
87727
75689
17859
5044
37759
11097
38011
91222
40916
99512
62098
97237
32325
39113
42001
17470
76211
96999
98849
67663
91001
25880
7869
49236
58894
54926
4832
17809
18312
50354
891
14961
44531
84965
36373
64442
68071
30869
91283
24772
30048
50376
27937
21366
52928
18667
79165
98471
79814
97129
57851
94518
46295
89173
66027
10082
16013
19865
5070
15989
77089
10655
14250
39799
311
18349
182
26182
31463
22827
13835
21254
38269
85499
35201
90764
12856
87223
87347
3691
3773
44151
44717
60484
72739
19332
49625
97803
97243
52942
93380
77331
60014
90712
14009
64546
89487
26771
91920
41636
45161
35241
61514
35776
69379
66973
74901
61744
88832
73670
35730
29817
92221
51381
34238
24738
74604
90802
50712
19488
32282
34938
25572
79967
77147
87578
71879
36276
69490
63254
48101
2491
84877
49366
28214
26853
52255
75954
69205
49295
76960
81510
4960
61982
17893
32371
8415
39031
26036
86831
64885
520
34859
93361
38289
4713
24198
61735
92888
26151
73758
83767
8624
21349
46304
14973
45669
97018
22511
56174
12645
80268
663
15021
66686
28421
48401
72571
11225
36394
23525
33866
56959
33458
97420
17703
58067
98584
67613
83959
56390
85497
2566
97563
34687
64832
29025
43516
41269
53962
44093
55626
40633
72747
39549
32077
9467
68390
48616
71748
27311
85476
5946
93506
24289
35522
8241
31134
7336
12865
10622
36717
93814
89471
27472
32653
51153
93635
87735
46921
55706
28092
50888
83357
17097
4042
94724
72152
53744
79987
97728
98983
50196
87751
58221
29899
40317
12220
58268
26252
79792
42566
22459
15762
2279
77207
83485
17752
10003
17413
19155
65508
35893
57143
22351
42066
40943
50949
45463
33826
79572
49167
38134
94081
67275
31381
3356
15460
67770
4972
49289
3114
73063
39629
41028
10858
9975
52534
55923
23333
38476
46005
10633
81043
50022
16590
64533
32149
92131
799
5075
40704
8034
46901
76179
68575
35342
68598
73214
90471
28383
35765
14112
88007
1046
67826
96297
72164
12013
31363
13782
43306
20091
23046
67064
36057
74074
47096
8699
84248
15065
90928
66529
10295
95985
64202
61232
39134
72375
86764
36736
37268
22757
49638
35207
171
43462
84424
98821
15635
53456
66309
56678
69277
67382
51054
57900
57580
66462
10775
19360
20116
17144
65172
63086
52679
36483
21357
94626
70960
17915
19410
54126
69670
41364
57599
43054
98061
83418
99472
15198
5312
92825
92772
66550
32244
40862
10603
16040
37791
26835
6260
61549
9825
40989
64947
56843
1847
35109
87681
10265
89229
32388
74385
59513
56464
32210
98287
65250
88568
20559
7427
23454
43163
99645
87682
35947
26120
93064
35612
73252
29379
6140
38579
37512
26434
59347
78305
18120
53237
25905
96919
36561
86359
27234
22428
46348
74065
26269
71327
14921
99384
2323
88830
17246
58299
96027
7820
31120
89058
11184
85923
16499
45679
28577
2
97135
51111
36128
60629
23746
22949
2094
392
46070
87975
22334
16950
98927
50179
55254
65210
62076
60034
72531
28777
79100
69975
23624
39552
49554
49355
72481
76421
27005
18873
38796
25595
75363
18805
91576
61517
33503
83742
31837
68479
37342
80316
50410
88644
80453
71033
88523
55323
85774
45579
25509
32260
24080
6994
92212
6788
69341
29940
57011
23366
51243
30608
98835
99914
33788
75585
55849
9067
34568
59905
84703
98827
9500
84115
57910
61228
83917
91371
49277
94147
26883
80058
72786
97312
88747
34976
23085
37677
49962
17269
35481
75163
69162
6518
98008
56704
9296
24925
4746
12343
27999
72884
58710
12123
74399
38601
93035
43488
73169
34504
59329
23590
25414
64306
77960
46300
68597
56980
43670
47748
32409
67997
37478
33610
79694
10582
72674
4434
44660
22074
73890
63724
72788
93389
24127
32894
5130
82079
9319
49256
5928
14352
37379
81152
73504
94481
38206
6535
48285
5456
23441
78969
78950
17748
81213
61526
31898
16148
38534
83305
14675
30841
65835
28134
67935
10131
45290
57133
6127
50323
11033
37653
61148
69309
48268
32006
27617
86444
88741
96132
60846
53066
67641
36701
78394
55883
39000
92388
38698
79774
62030
47484
69446
55921
89824
17231
554
79139
42771
82808
52380
60053
35697
71139
39468
15232
92647
32408
85101
73229
96152
84564
55720
36193
88433
78644
63868
66461
83381
89260
58191
25662
11439
53801
46791
96155
61490
37509
39479
74543
6012
75686
98822
15664
2168
72413
89517
24144
40403
49652
17630
49322
74391
25309
89972
25416
95951
78899
98819
79837
84066
9496
25839
39174
35585
92863
49721
10565
87632
31753
28791
74088
13314
40302
83522
78010
16561
29121
95372
41735
90082
11223
65517
23108
99280
76087
35239
42995
70002
92409
17068
95954
57061
11106
10669
86738
69197
68475
10347
49002
10085
81952
7314
53091
63965
55075
13713
77263
69940
76921
71009
52047
74321
34602
63406
37263
5296
87281
55105
87660
66987
61360
87461
58736
36419
5328
39323
85470
44378
18185
33693
4238
96033
83438
50312
38054
10350
27610
54031
18751
6719
31554
29053
12527
10563
34298
44691
34098
65949
11923
19895
7444
65080
54815
57097
65776
46056
73939
77862
15650
97381
85155
33876
511
4716
85023
83432
19668
68656
32123
5234
55013
9363
45683
42288
64498
42135
28498
40204
74045
30551
70213
16904
52158
81193
97740
61029
64148
56187
84339
57816
12579
35056
89552
72581
66131
37981
64070
61959
86708
26856
90546
3077
91790
49461
55228
17791
89509
65069
95574
96748
75206
94470
55891
96326
71881
51832
40813
65898
46275
77380
91555
95228
48571
83396
8187
77718
81939
57530
48732
32843
52463
49942
76308
84486
88520
26745
26199
1335
59438
17883
6284
67108
79201
11729
11460
8121
61022
99525
60986
81670
84142
59896
5085
94872
7836
39968
44998
20045
26295
56463
97087
50729
98491
99975
41932
49447
84389
6555
54078
1600
49828
3281
75704
90217
83126
2704
3494
11445
46865
64279
34273
66747
10396
96824
26292
28578
78002
83498
13956
63043
41779
35383
64710
99028
23311
80999
44435
2270
16423
44505
19701
72046
6781
21364
15218
12199
28377
23595
2889
1818
43806
79748
53638
61811
12546
92997
89378
546
81211
28582
85659
96281
95365
76774
77066
52738
84704
99475
42248
88036
33822
12934
97582
45913
39206
66048
3491
49114
50324
44226
55037
80949
12849
49643
39948
93367
9205
54764
93991
2226
31963
91959
96171
19118
58553
53321
19868
86153
14181
10955
87614
44775
35691
15883
95299
87487
70407
35003
90951
92832
49195
87508
52317
19784
77885
96283
39880
98977
68276
15169
1123
40773
65636
43936
47773
35386
3542
40059
27770
47535
41035
77532
32349
2512
98809
72285
20776
21133
9763
89765
84530
8447
60857
64147
27663
90452
27728
15755
47294
59314
16659
88699
11595
95187
12598
70184
41782
11826
45368
4440
77502
33007
98685
42778
56511
55866
23453
51580
18582
59941
84739
88599
44405
20715
70288
20286
85110
90006
86660
52909
16188
18284
35976
3100
14443
21684
32321
40842
84586
87959
93249
88357
27812
97459
43536
34404
70881
4949
45627
19139
11337
73146
66775
34596
8472
49403
53511
59931
48810
98252
29752
17407
32906
61815
97468
35204
34378
90220
33844
16452
76862
36786
62603
99198
87801
20085
44772
15937
85999
89618
4774
45607
96120
17399
28571
96940
51642
89002
10278
72018
1165
94960
18093
52455
43018
4327
92762
77867
17230
68589
93493
23794
31301
47840
21843
73094
86686
88486
51391
67869
87800
63970
91804
93131
41815
35637
34750
32436
9426
16925
14362
94535
38961
8425
22614
70290
72985
1348
25943
39604
38847
187
71047
11816
89391
92402
14550
10210
83889
40801
86887
57529
17222
77827
20376
14563
88844
60358
67594
76768
56714
52378
13137
13334
37480
49583
19966
51585
92665
78531
49851
75533
8891
61742
46848
49280
96777
16242
96693
90412
47668
31569
19233
87371
84620
60742
22291
67973
27530
65189
11316
18710
50778
96975
39240
23514
57918
36048
41401
24661
7975
80670
93461
70782
48922
43453
9078
78162
83348
55659
32747
59112
40661
17178
83324
10068
3924
77245
40763
51198
32162
19021
9798
751
16878
92573
83033
67165
32001
7133
98936
79000
89251
27175
42966
7136
55110
28705
27916
97960
87633
32881
66979
6599
68016
47953
64913
30040
27304
2191
4796
95912
25469
52028
58307
3335
65570
39923
76083
64356
62796
61372
40398
51448
14055
48238
30071
51443
69004
71890
94706
2288
66161
67977
88607
90597
34023
94060
16024
10948
92321
78951
15946
99687
19677
8778
44202
51792
49001
71740
39179
80928
65453
89698
94517
20446
41563
62789
90312
27899
79846
8104
12704
99343
72555
90584
86629
86136
30566
78902
61911
8809
6176
62286
64597
27229
29829
90188
58880
93992
17415
91132
69407
24386
2567
45363
32594
25932
37054
24850
60840
27874
65514
8380
13904
91321
24405
82607
10448
22312
29735
31478
14247
69703
39069
23122
71374
70276
76751
3111
70809
12750
7930
73736
44068
1523
68685
53116
10890
6108
62689
41504
76318
23534
61540
85279
47545
25473
77516
83411
82283
27674
5871
28632
58675
24147
8136
73474
588
49498
81226
57618
72524
48314
55062
13379
92079
95658
33488
17817
1396
40684
34013
32224
28135
32360
70058
73661
55983
6737
57186
11720
10290
78063
51577
46902
986
66941
6107
70470
48362
19875
79417
52262
79908
94121
7919
32997
11925
42468
8393
66270
11021
23506
48882
14200
41677
22305
74043
89011
260
74218
96365
864
58602
88974
23156
30853
17917
43192
63448
32851
48531
62369
4995
60082
70820
47800
65273
36812
18518
20465
97143
25655
80750
96435
14614
42305
10790
85588
12861
39465
53320
55124
51615
20115
91654
46939
7966
24554
8008
91861
72229
23059
93068
42232
83877
43457
87816
95816
61005
43085
989
36259
28865
74278
67547
19877
32788
95599
59675
28936
89678
40889
27616
34102
53048
26765
56868
96926
77301
47931
44784
44215
12863
68787
83049
44335
93976
80845
88554
48677
16220
67178
91197
89281
64410
19218
37944
29683
84453
87131
28039
51843
66549
32757
27066
45129
86240
74415
11000
23572
25773
24270
60391
49483
7430
99331
92202
1607
81232
96637
36496
17173
45078
3222
15827
91358
87246
7974
92559
25057
90766
33523
66864
31894
65761
49022
47687
30256
55156
71310
93163
37922
47003
66782
89306
22969
22209
44031
31519
15916
91667
38309
21109
48907
11569
61794
94378
79818
36702
92838
6280
68960
93257
47546
36880
18580
93050
12355
21117
43401
53485
22101
57685
80902
94437
13793
4324
48664
47870
25520
40544
66630
26260
81386
3475
2273
43695
70700
70171
85711
30807
90739
1224
1261
36712
9589
57878
98428
44538
24376
43422
62075
40093
66061
8319
48165
69228
54599
52644
82083
86322
49839
47087
76205
6983
72945
40421
21410
26523
85836
59544
46715
20128
72348
86500
52869
94551
25460
70063
59803
57687
11536
53710
22159
38583
18714
30204
4882
31052
44167
75216
15363
77533
36378
70970
14108
52027
24524
63673
32480
20292
27313
3019
8755
85878
39860
53452
38196
9789
27972
73448
62012
10738
11881
95930
353
99880
23567
49307
53585
69377
36640
53719
16667
13855
32816
53421
53343
53232
852
42307
16003
76850
16793
21174
85691
58801
56098
72570
94971
40938
12589
58034
78223
6113
91673
92203
34702
50209
42081
68489
22226
85936
10328
89772
77743
97901
26385
91411
67095
47447
25775
54200
44362
10953
56985
84724
87024
22702
90620
31259
4841
55973
59030
56392
43058
8536
2618
51106
76281
41656
12189
47511
74814
92126
50727
1176
96372
19785
55646
98720
66671
83448
65672
61796
18165
2956
30660
44380
58802
89123
35515
19744
20006
83202
48412
92382
82679
62563
52781
42547
97915
87641
35777
78314
69236
24425
26824
36319
28013
39176
68270
82998
37785
30084
54956
26854
26522
1256
40396
66379
94453
94817
31833
35209
18326
1669
95672
71895
40048
75188
20676
39677
5487
73188
68546
76032
15320
35354
44955
59239
22270
81808
79657
62737
59818
82999
1427
69833
31958
71562
8298
21810
65421
82920
34951
17546
83176
46458
27579
2894
76495
40182
28652
14212
80730
83459
58604
53003
60246
12679
12374
54295
91875
53563
4047
3313
16555
53130
49019
53981
1061
4014
67373
95302
18343
66500
58512
65482
46379
52395
75495
31723
76013
42948
44620
63979
11119
38238
70708
9138
7910
62804
10122
16007
36909
94034
63345
63859
32674
99900
55521
58131
38602
36503
61661
45435
43378
9771
33732
17190
23551
34218
87577
28569
955
99933
14015
56812
67515
61638
94069
51434
70070
9247
25524
6960
24932
28546
57201
36110
30081
61209
39704
23223
95799
73279
26479
47041
14001
99867
35067
42719
68391
44844
26444
10475
65106
4534
68951
46098
62365
68849
27585
35226
39628
48022
84916
45396
55182
15134
28061
59317
15653
17350
82003
23039
86392
7701
8198
67976
11810
85202
44963
21233
59828
8156
96275
93356
45296
66891
31191
1355
60033
40693
85056
45114
20534
27639
78812
70611
31245
64643
55252
14496
14556
13805
58047
82259
39450
69890
70940
23417
40907
96998
24385
2972
78968
33522
32209
45836
78304
6630
98703
32854
53552
84873
12476
9021
27287
6657
83046
67832
60476
90198
63078
97263
49303
70411
66402
83519
17092
16192
25792
15174
83578
86678
5492
24165
77945
83246
76029
91414
35095
1225
61166
36654
94995
46830
88243
3018
54967
46472
43565
83677
81538
46516
78970
87736
85189
34419
95825
62450
12024
64409
23296
76683
17587
95991
75760
34111
68784
62006
24712
78016
24900
2237
54857
24853
53169
89119
27380
10382
34538
66332
81031
97100
87385
22942
19103
4073
76998
39017
8991
52666
85865
6666
19251
18470
42215
87785
88572
91698
86288
42732
65056
10241
3585
21497
45105
90567
3667
31499
85269
81084
97181
67570
13720
44790
69747
87983
39448
81528
2564
22806
14218
54348
94709
97589
84255
40629
33353
21255
65062
79580
7704
37595
93151
98259
92887
96622
34019
36575
30186
40694
24025
2910
65857
85532
29119
99596
93998
15901
53676
692
30488
55188
50644
47499
34366
5059
17146
80522
52547
37895
79400
9617
95880
73852
26526
99323
50674
17298
24356
93622
25101
38131
88799
79699
28199
166
58727
31293
53934
85802
86029
33392
43324
57031
31553
66260
47406
53739
46267
60936
85805
17645
13161
4544
80180
57248
5759
60417
26415
73119
39207
44824
66537
17640
58413
47107
80012
19335
4666
14221
19471
34598
82856
20158
82690
23189
8973
29977
44474
88752
89964
80825
81656
25948
77525
74764
82782
80341
99296
94178
26423
48494
95564
65863
5817
73077
23991
64672
42533
70275
23260
80788
13263
61330
6623
29188
33889
10091
82239
83763
90208
75661
8497
42429
32971
96320
52026
58658
755
34108
39935
91157
16580
85660
42242
71247
50396
36558
56492
27007
45888
74071
53965
45231
67923
85798
65722
82461
79202
28457
44085
97755
90788
15268
81417
84395
51509
96562
42430
2294
77157
78729
76251
34282
83679
89061
11294
17717
32073
98299
18124
25924
16571
83657
2938
28200
41071
68705
16899
86872
56424
17456
16582
40485
95345
10866
58177
3988
5351
60681
71855
31171
43266
4856
6445
67922
20361
71371
90974
62646
16000
15483
50801
19691
65595
92296
76990
38518
30769
27602
3259
11621
61130
22149
20980
42274
11391
21862
52345
92878
57347
13074
63438
93413
33126
20267
9331
96762
31784
36005
55782
47
40269
92965
59625
10110
33708
68729
91244
2046
9174
82266
81629
75317
43090
90995
96903
74273
48421
79133
20161
13122
50768
2511
91440
65671
84716
60958
17410
88734
18950
2324
88056
33156
24624
21045
15757
47084
27225
36594
4898
64969
16293
98857
14191
53588
65388
8701
98761
89361
80005
20588
59518
22146
46156
9533
98623
77185
30750
60573
69140
63449
44802
32844
46708
98573
6194
44026
14635
39603
46790
79690
31357
80262
79579
4968
18016
92277
53394
8199
34473
24955
65750
57367
84064
54776
98386
18693
47427
75490
31613
36241
29458
43322
94549
81899
90441
66650
62331
81137
317
27633
54170
30308
77153
13349
74402
51103
99361
44156
1135
99124
30292
89098
35982
41546
39936
27219
25686
85784
34460
420
79335
46824
51162
9753
21921
46951
88239
71300
58735
80940
7246
30964
29048
78914
53180
29878
42166
2777
9896
96714
45394
11986
50214
20399
82967
35543
81227
41850
23485
9864
65575
40112
46507
87491
78578
29150
43588
22739
53253
12940
52551
33102
41771
98359
63780
80476
58535
19023
14840
62637
90556
74934
95162
24399
10135
80293
71637
56834
86461
54255
79942
11433
56151
9459
40119
86174
74945
89428
4484
89344
97465
20284
82295
97863
12283
67434
45168
32713
18246
35162
74648
93192
10067
20892
45361
38784
89822
66231
2371
97747
21886
55652
603
36622
19428
73705
5829
14610
24450
37460
17789
2634
89646
27546
24823
1610
14686
90293
81428
77027
61902
98021
62071
48045
38733
60093
12764
38828
5052
28641
98478
59375
31311
25027
64518
76021
54589
66583
8643
15971
38319
8554
51674
85017
59260
25222
46593
31347
73403
75187
28154
98904
96223
96008
84243
36334
31001
48557
10260
58550
40752
96965
45267
97762
21403
61079
81543
62430
37033
20138
57495
46517
76327
16704
73550
10572
31541
78599
6142
40738
54306
18024
98897
49064
31501
7148
79700
5567
69684
33585
18572
38392
14070
23171
27729
64521
49820
29846
79519
69358
84500
96904
67181
35445
25340
37431
54184
28274
48709
98923
87952
5051
59253
8965
56364
4892
63877
91316
40798
31742
84029
71205
56924
11936
95243
39169
90897
72365
87479
47718
87802
74370
29253
32670
69878
49692
14729
99122
54766
24231
17541
8963
98608
34281
27173
77872
40709
90861
82053
36468
80134
14472
97996
40163
31011
66740
32607
48212
95095
46879
34953
14088
60566
59370
23360
7707
70297
62195
23203
81360
82000
64605
21829
95804
40489
92033
51209
98885
47813
99817
84009
49083
80197
63659
60852
10273
94677
29082
22887
23346
73431
99121
53922
89881
259
67203
51100
8305
58703
25610
67100
51644