11
22
33
44
55
66
77
88
99
110
121
132
143
154
165
176
187
198
209
220
231
242
253
264
275
286
297
308
319
330
341
352
363
374
385
396
407
418
429
440
451
462
473
484
495
506
517
528
539
550
561
572
583
594
605
616
627
638
649
660
671
682
693
704
715
726
737
748
759
770
781
792
803
814
825
836
847
858
869
880
891
902
913
924
935
946
957
968
979
990
1001
1012
1023
1034
1045
1056
1067
1078
1089
1100
1111
1122
1133
1144
1155
1166
1177
1188
1199
1210
1221
1232
1243
1254
1265
1276
1287
1298
1309
1320
1331
1342
1353
1364
1375
1386
1397
1408
1419
1430
1441
1452
1463
1474
1485
1496
1507
1518
1529
1540
1551
1562
1573
1584
1595
1606
1617
1628
1639
1650
1661
1672
1683
1694
1705
1716
1727
1738
1749
1760
1771
1782
1793
1804
1815
1826
1837
1848
1859
1870
1881
1892
1903
1914
1925
1936
1947
1958
1969
1980
1991
2002
2013
2024
2035
2046
2057
2068
2079
2090
2101
2112
2123
2134
2145
2156
2167
2178
2189
2200
2211
2222
2233
2244
2255
2266
2277
2288
2299
2310
2321
2332
2343
2354
2365
2376
2387
2398
2409
2420
2431
2442
2453
2464
2475
2486
2497
2508
2519
2530
2541
2552
2563
2574
2585
2596
2607
2618
2629
2640
2651
2662
2673
2684
2695
2706
2717
2728
2739
2750
2761
2772
2783
2794
2805
2816
2827
2838
2849
2860
2871
2882
2893
2904
2915
2926
2937
2948
2959
2970
2981
2992
3003
3014
3025
3036
3047
3058
3069
3080
3091
3102
3113
3124
3135
3146
3157
3168
3179
3190
3201
3212
3223
3234
3245
3256
3267
3278
3289
3300
3311
3322
3333
3344
3355
3366
3377
3388
3399
3410
3421
3432
3443
3454
3465
3476
3487
3498
3509
3520
3531
3542
3553
3564
3575
3586
3597
3608
3619
3630
3641
3652
3663
3674
3685
3696
3707
3718
3729
3740
3751
3762
3773
3784
3795
3806
3817
3828
3839
3850
3861
3872
3883
3894
3905
3916
3927
3938
3949
3960
3971
3982
3993
4004
4015
4026
4037
4048
4059
4070
4081
4092
4103
4114
4125
4136
4147
4158
4169
4180
4191
4202
4213
4224
4235
4246
4257
4268
4279
4290
4301
4312
4323
4334
4345
4356
4367
4378
4389
4400
4411
4422
4433
4444
4455
4466
4477
4488
4499
4510
4521
4532
4543
4554
4565
4576
4587
4598
4609
4620
4631
4642
4653
4664
4675
4686
4697
4708
4719
4730
4741
4752
4763
4774
4785
4796
4807
4818
4829
4840
4851
4862
4873
4884
4895
4906
4917
4928
4939
4950
4961
4972
4983
4994
5005
5016
5027
5038
5049
5060
5071
5082
5093
5104
5115
5126
5137
5148
5159
5170
5181
5192
5203
5214
5225
5236
5247
5258
5269
5280
5291
5302
5313
5324
5335
5346
5357
5368
5379
5390
5401
5412
5423
5434
5445
5456
5467
5478
5489
5500
5511
5522
5533
5544
5555
5566
5577
5588
5599
5610
5621
5632
5643
5654
5665
5676
5687
5698
5709
5720
5731
5742
5753
5764
5775
5786
5797
5808
5819
5830
5841
5852
5863
5874
5885
5896
5907
5918
5929
5940
5951
5962
5973
5984
5995
6006
6017
6028
6039
6050
6061
6072
6083
6094
6105
6116
6127
6138
6149
6160
6171
6182
6193
6204
6215
6226
6237
6248
6259
6270
6281
6292
6303
6314
6325
6336
6347
6358
6369
6380
6391
6402
6413
6424
6435
6446
6457
6468
6479
6490
6501
6512
6523
6534
6545
6556
6567
6578
6589
6600
6611
6622
6633
6644
6655
6666
6677
6688
6699
6710
6721
6732
6743
6754
6765
6776
6787
6798
6809
6820
6831
6842
6853
6864
6875
6886
6897
6908
6919
6930
6941
6952
6963
6974
6985
6996
7007
7018
7029
7040
7051
7062
7073
7084
7095
7106
7117
7128
7139
7150
7161
7172
7183
7194
7205
7216
7227
7238
7249
7260
7271
7282
7293
7304
7315
7326
7337
7348
7359
7370
7381
7392
7403
7414
7425
7436
7447
7458
7469
7480
7491
7502
7513
7524
7535
7546
7557
7568
7579
7590
7601
7612
7623
7634
7645
7656
7667
7678
7689
7700
7711
7722
7733
7744
7755
7766
7777
7788
7799
7810
7821
7832
7843
7854
7865
7876
7887
7898
7909
7920
7931
7942
7953
7964
7975
7986
7997
8008
8019
8030
8041
8052
8063
8074
8085
8096
8107
8118
8129
8140
8151
8162
8173
8184
8195
8206
8217
8228
8239
8250
8261
8272
8283
8294
8305
8316
8327
8338
8349
8360
8371
8382
8393
8404
8415
8426
8437
8448
8459
8470
8481
8492
8503
8514
8525
8536
8547
8558
8569
8580
8591
8602
8613
8624
8635
8646
8657
8668
8679
8690
8701
8712
8723
8734
8745
8756
8767
8778
8789
8800
8811
8822
8833
8844
8855
8866
8877
8888
8899
8910
8921
8932
8943
8954
8965
8976
8987
8998
9009
9020
9031
9042
9053
9064
9075
9086
9097
9108
9119
9130
9141
9152
9163
9174
9185
9196
9207
9218
9229
9240
9251
9262
9273
9284
9295
9306
9317
9328
9339
9350
9361
9372
9383
9394
9405
9416
9427
9438
9449
9460
9471
9482
9493
9504
9515
9526
9537
9548
9559
9570
9581
9592
9603
9614
9625
9636
9647
9658
9669
9680
9691
9702
9713
9724
9735
9746
9757
9768
9779
9790
9801
9812
9823
9834
9845
9856
9867
9878
9889
9900
9911
9922
9933
9944
9955
9966
9977
9988
9999
10010
10021
10032
10043
10054
10065
10076
10087
10098
10109
10120
10131
10142
10153
10164
10175
10186
10197
10208
10219
10230
10241
10252
10263
10274
10285
10296
10307
10318
10329
10340
10351
10362
10373
10384
10395
10406
10417
10428
10439
10450
10461
10472
10483
10494
10505
10516
10527
10538
10549
10560
10571
10582
10593
10604
10615
10626
10637
10648
10659
10670
10681
10692
10703
10714
10725
10736
10747
10758
10769
10780
10791
10802
10813
10824
10835
10846
10857
10868
10879
10890
10901
10912
10923
10934
10945
10956
10967
10978
10989
11000
11011
11022
11033
11044
11055
11066
11077
11088
11099
11110
11121
11132
11143
11154
11165
11176
11187
11198
11209
11220
11231
11242
11253
11264
11275
11286
11297
11308
11319
11330
11341
11352
11363
11374
11385
11396
11407
11418
11429
11440
11451
11462
11473
11484
11495
11506
11517
11528
11539
11550
11561
11572
11583
11594
11605
11616
11627
11638
11649
11660
11671
11682
11693
11704
11715
11726
11737
11748
11759
11770
11781
11792
11803
11814
11825
11836
11847
11858
11869
11880
11891
11902
11913
11924
11935
11946
11957
11968
11979
11990
12001
12012
12023
12034
12045
12056
12067
12078
12089
12100
12111
12122
12133
12144
12155
12166
12177
12188
12199
12210
12221
12232
12243
12254
12265
12276
12287
12298
12309
12320
12331
12342
12353
12364
12375
12386
12397
12408
12419
12430
12441
12452
12463
12474
12485
12496
12507
12518
12529
12540
12551
12562
12573
12584
12595
12606
12617
12628
12639
12650
12661
12672
12683
12694
12705
12716
12727
12738
12749
12760
12771
12782
12793
12804
12815
12826
12837
12848
12859
12870
12881
12892
12903
12914
12925
12936
12947
12958
12969
12980
12991
13002
13013
13024
13035
13046
13057
13068
13079
13090
13101
13112
13123
13134
13145
13156
13167
13178
13189
13200
13211
13222
13233
13244
13255
13266
13277
13288
13299
13310
13321
13332
13343
13354
13365
13376
13387
13398
13409
13420
13431
13442
13453
13464
13475
13486
13497
13508
13519
13530
13541
13552
13563
13574
13585
13596
13607
13618
13629
13640
13651
13662
13673
13684
13695
13706
13717
13728
13739
13750
13761
13772
13783
13794
13805
13816
13827
13838
13849
13860
13871
13882
13893
13904
13915
13926
13937
13948
13959
13970
13981
13992
14003
14014
14025
14036
14047
14058
14069
14080
14091
14102
14113
14124
14135
14146
14157
14168
14179
14190
14201
14212
14223
14234
14245
14256
14267
14278
14289
14300
14311
14322
14333
14344
14355
14366
14377
14388
14399
14410
14421
14432
14443
14454
14465
14476
14487
14498
14509
14520
14531
14542
14553
14564
14575
14586
14597
14608
14619
14630
14641
14652
14663
14674
14685
14696
14707
14718
14729
14740
14751
14762
14773
14784
14795
14806
14817
14828
14839
14850
14861
14872
14883
14894
14905
14916
14927
14938
14949
14960
14971
14982
14993
15004
15015
15026
15037
15048
15059
15070
15081
15092
15103
15114
15125
15136
15147
15158
15169
15180
15191
15202
15213
15224
15235
15246
15257
15268
15279
15290
15301
15312
15323
15334
15345
15356
15367
15378
15389
15400
15411
15422
15433
15444
15455
15466
15477
15488
15499
15510
15521
15532
15543
15554
15565
15576
15587
15598
15609
15620
15631
15642
15653
15664
15675
15686
15697
15708
15719
15730
15741
15752
15763
15774
15785
15796
15807
15818
15829
15840
15851
15862
15873
15884
15895
15906
15917
15928
15939
15950
15961
15972
15983
15994
16005
16016
16027
16038
16049
16060
16071
16082
16093
16104
16115
16126
16137
16148
16159
16170
16181
16192
16203
16214
16225
16236
16247
16258
16269
16280
16291
16302
16313
16324
16335
16346
16357
16368
16379
16390
16401
16412
16423
16434
16445
16456
16467
16478
16489
16500
16511
16522
16533
16544
16555
16566
16577
16588
16599
16610
16621
16632
16643
16654
16665
16676
16687
16698
16709
16720
16731
16742
16753
16764
16775
16786
16797
16808
16819
16830
16841
16852
16863
16874
16885
16896
16907
16918
16929
16940
16951
16962
16973
16984
16995
17006
17017
17028
17039
17050
17061
17072
17083
17094
17105
17116
17127
17138
17149
17160
17171
17182
17193
17204
17215
17226
17237
17248
17259
17270
17281
17292
17303
17314
17325
17336
17347
17358
17369
17380
17391
17402
17413
17424
17435
17446
17457
17468
17479
17490
17501
17512
17523
17534
17545
17556
17567
17578
17589
17600
17611
17622
17633
17644
17655
17666
17677
17688
17699
17710
17721
17732
17743
17754
17765
17776
17787
17798
17809
17820
17831
17842
17853
17864
17875
17886
17897
17908
17919
17930
17941
17952
17963
17974
17985
17996
18007
18018
18029
18040
18051
18062
18073
18084
18095
18106
18117
18128
18139
18150
18161
18172
18183
18194
18205
18216
18227
18238
18249
18260
18271
18282
18293
18304
18315
18326
18337
18348
18359
18370
18381
18392
18403
18414
18425
18436
18447
18458
18469
18480
18491
18502
18513
18524
18535
18546
18557
18568
18579
18590
18601
18612
18623
18634
18645
18656
18667
18678
18689
18700
18711
18722
18733
18744
18755
18766
18777
18788
18799
18810
18821
18832
18843
18854
18865
18876
18887
18898
18909
18920
18931
18942
18953
18964
18975
18986
18997
19008
19019
19030
19041
19052
19063
19074
19085
19096
19107
19118
19129
19140
19151
19162
19173
19184
19195
19206
19217
19228
19239
19250
19261
19272
19283
19294
19305
19316
19327
19338
19349
19360
19371
19382
19393
19404
19415
19426
19437
19448
19459
19470
19481
19492
19503
19514
19525
19536
19547
19558
19569
19580
19591
19602
19613
19624
19635
19646
19657
19668
19679
19690
19701
19712
19723
19734
19745
19756
19767
19778
19789
19800
19811
19822
19833
19844
19855
19866
19877
19888
19899
19910
19921
19932
19943
19954
19965
19976
19987
19998
20009
20020
20031
20042
20053
20064
20075
20086
20097
20108
20119
20130
20141
20152
20163
20174
20185
20196
20207
20218
20229
20240
20251
20262
20273
20284
20295
20306
20317
20328
20339
20350
20361
20372
20383
20394
20405
20416
20427
20438
20449
20460
20471
20482
20493
20504
20515
20526
20537
20548
20559
20570
20581
20592
20603
20614
20625
20636
20647
20658
20669
20680
20691
20702
20713
20724
20735
20746
20757
20768
20779
20790
20801
20812
20823
20834
20845
20856
20867
20878
20889
20900
20911
20922
20933
20944
20955
20966
20977
20988
20999
21010
21021
21032
21043
21054
21065
21076
21087
21098
21109
21120
21131
21142
21153
21164
21175
21186
21197
21208
21219
21230
21241
21252
21263
21274
21285
21296
21307
21318
21329
21340
21351
21362
21373
21384
21395
21406
21417
21428
21439
21450
21461
21472
21483
21494
21505
21516
21527
21538
21549
21560
21571
21582
21593
21604
21615
21626
21637
21648
21659
21670
21681
21692
21703
21714
21725
21736
21747
21758
21769
21780
21791
21802
21813
21824
21835
21846
21857
21868
21879
21890
21901
21912
21923
21934
21945
21956
21967
21978
21989
22000
22011
22022
22033
22044
22055
22066
22077
22088
22099
22110
22121
22132
22143
22154
22165
22176
22187
22198
22209
22220
22231
22242
22253
22264
22275
22286
22297
22308
22319
22330
22341
22352
22363
22374
22385
22396
22407
22418
22429
22440
22451
22462
22473
22484
22495
22506
22517
22528
22539
22550
22561
22572
22583
22594
22605
22616
22627
22638
22649
22660
22671
22682
22693
22704
22715
22726
22737
22748
22759
22770
22781
22792
22803
22814
22825
22836
22847
22858
22869
22880
22891
22902
22913
22924
22935
22946
22957
22968
22979
22990
23001
23012
23023
23034
23045
23056
23067
23078
23089
23100
23111
23122
23133
23144
23155
23166
23177
23188
23199
23210
23221
23232
23243
23254
23265
23276
23287
23298
23309
23320
23331
23342
23353
23364
23375
23386
23397
23408
23419
23430
23441
23452
23463
23474
23485
23496
23507
23518
23529
23540
23551
23562
23573
23584
23595
23606
23617
23628
23639
23650
23661
23672
23683
23694
23705
23716
23727
23738
23749
23760
23771
23782
23793
23804
23815
23826
23837
23848
23859
23870
23881
23892
23903
23914
23925
23936
23947
23958
23969
23980
23991
24002
24013
24024
24035
24046
24057
24068
24079
24090
24101
24112
24123
24134
24145
24156
24167
24178
24189
24200
24211
24222
24233
24244
24255
24266
24277
24288
24299
24310
24321
24332
24343
24354
24365
24376
24387
24398
24409
24420
24431
24442
24453
24464
24475
24486
24497
24508
24519
24530
24541
24552
24563
24574
24585
24596
24607
24618
24629
24640
24651
24662
24673
24684
24695
24706
24717
24728
24739
24750
24761
24772
24783
24794
24805
24816
24827
24838
24849
24860
24871
24882
24893
24904
24915
24926
24937
24948
24959
24970
24981
24992
25003
25014
25025
25036
25047
25058
25069
25080
25091
25102
25113
25124
25135
25146
25157
25168
25179
25190
25201
25212
25223
25234
25245
25256
25267
25278
25289
25300
25311
25322
25333
25344
25355
25366
25377
25388
25399
25410
25421
25432
25443
25454
25465
25476
25487
25498
25509
25520
25531
25542
25553
25564
25575
25586
25597
25608
25619
25630
25641
25652
25663
25674
25685
25696
25707
25718
25729
25740
25751
25762
25773
25784
25795
25806
25817
25828
25839
25850
25861
25872
25883
25894
25905
25916
25927
25938
25949
25960
25971
25982
25993
26004
26015
26026
26037
26048
26059
26070
26081
26092
26103
26114
26125
26136
26147
26158
26169
26180
26191
26202
26213
26224
26235
26246
26257
26268
26279
26290
26301
26312
26323
26334
26345
26356
26367
26378
26389
26400
26411
26422
26433
26444
26455
26466
26477
26488
26499
26510
26521
26532
26543
26554
26565
26576
26587
26598
26609
26620
26631
26642
26653
26664
26675
26686
26697
26708
26719
26730
26741
26752
26763
26774
26785
26796
26807
26818
26829
26840
26851
26862
26873
26884
26895
26906
26917
26928
26939
26950
26961
26972
26983
26994
27005
27016
27027
27038
27049
27060
27071
27082
27093
27104
27115
27126
27137
27148
27159
27170
27181
27192
27203
27214
27225
27236
27247
27258
27269
27280
27291
27302
27313
27324
27335
27346
27357
27368
27379
27390
27401
27412
27423
27434
27445
27456
27467
27478
27489
27500
27511
27522
27533
27544
27555
27566
27577
27588
27599
27610
27621
27632
27643
27654
27665
27676
27687
27698
27709
27720
27731
27742
27753
27764
27775
27786
27797
27808
27819
27830
27841
27852
27863
27874
27885
27896
27907
27918
27929
27940
27951
27962
27973
27984
27995
28006
28017
28028
28039
28050
28061
28072
28083
28094
28105
28116
28127
28138
28149
28160
28171
28182
28193
28204
28215
28226
28237
28248
28259
28270
28281
28292
28303
28314
28325
28336
28347
28358
28369
28380
28391
28402
28413
28424
28435
28446
28457
28468
28479
28490
28501
28512
28523
28534
28545
28556
28567
28578
28589
28600
28611
28622
28633
28644
28655
28666
28677
28688
28699
28710
28721
28732
28743
28754
28765
28776
28787
28798
28809
28820
28831
28842
28853
28864
28875
28886
28897
28908
28919
28930
28941
28952
28963
28974
28985
28996
29007
29018
29029
29040
29051
29062
29073
29084
29095
29106
29117
29128
29139
29150
29161
29172
29183
29194
29205
29216
29227
29238
29249
29260
29271
29282
29293
29304
29315
29326
29337
29348
29359
29370
29381
29392
29403
29414
29425
29436
29447
29458
29469
29480
29491
29502
29513
29524
29535
29546
29557
29568
29579
29590
29601
29612
29623
29634
29645
29656
29667
29678
29689
29700
29711
29722
29733
29744
29755
29766
29777
29788
29799
29810
29821
29832
29843
29854
29865
29876
29887
29898
29909
29920
29931
29942
29953
29964
29975
29986
29997
30008
30019
30030
30041
30052
30063
30074
30085
30096
30107
30118
30129
30140
30151
30162
30173
30184
30195
30206
30217
30228
30239
30250
30261
30272
30283
30294
30305
30316
30327
30338
30349
30360
30371
30382
30393
30404
30415
30426
30437
30448
30459
30470
30481
30492
30503
30514
30525
30536
30547
30558
30569
30580
30591
30602
30613
30624
30635
30646
30657
30668
30679
30690
30701
30712
30723
30734
30745
30756
30767
30778
30789
30800
30811
30822
30833
30844
30855
30866
30877
30888
30899
30910
30921
30932
30943
30954
30965
30976
30987
30998
31009
31020
31031
31042
31053
31064
31075
31086
31097
31108
31119
31130
31141
31152
31163
31174
31185
31196
31207
31218
31229
31240
31251
31262
31273
31284
31295
31306
31317
31328
31339
31350
31361
31372
31383
31394
31405
31416
31427
31438
31449
31460
31471
31482
31493
31504
31515
31526
31537
31548
31559
31570
31581
31592
31603
31614
31625
31636
31647
31658
31669
31680
31691
31702
31713
31724
31735
31746
31757
31768
31779
31790
31801
31812
31823
31834
31845
31856
31867
31878
31889
31900
31911
31922
31933
31944
31955
31966
31977
31988
31999
32010
32021
32032
32043
32054
32065
32076
32087
32098
32109
32120
32131
32142
32153
32164
32175
32186
32197
32208
32219
32230
32241
32252
32263
32274
32285
32296
32307
32318
32329
32340
32351
32362
32373
32384
32395
32406
32417
32428
32439
32450
32461
32472
32483
32494
32505
32516
32527
32538
32549
32560
32571
32582
32593
32604
32615
32626
32637
32648
32659
32670
32681
32692
32703
32714
32725
32736
32747
32758
32769
32780
32791
32802
32813
32824
32835
32846
32857
32868
32879
32890
32901
32912
32923
32934
32945
32956
32967
32978
32989
33000
33011
33022
33033
33044
33055
33066
33077
33088
33099
33110
33121
33132
33143
33154
33165
33176
33187
33198
33209
33220
33231
33242
33253
33264
33275
33286
33297
33308
33319
33330
33341
33352
33363
33374
33385
33396
33407
33418
33429
33440
33451
33462
33473
33484
33495
33506
33517
33528
33539
33550
33561
33572
33583
33594
33605
33616
33627
33638
33649
33660
33671
33682
33693
33704
33715
33726
33737
33748
33759
33770
33781
33792
33803
33814
33825
33836
33847
33858
33869
33880
33891
33902
33913
33924
33935
33946
33957
33968
33979
33990
34001
34012
34023
34034
34045
34056
34067
34078
34089
34100
34111
34122
34133
34144
34155
34166
34177
34188
34199
34210
34221
34232
34243
34254
34265
34276
34287
34298
34309
34320
34331
34342
34353
34364
34375
34386
34397
34408
34419
34430
34441
34452
34463
34474
34485
34496
34507
34518
34529
34540
34551
34562
34573
34584
34595
34606
34617
34628
34639
34650
34661
34672
34683
34694
34705
34716
34727
34738
34749
34760
34771
34782
34793
34804
34815
34826
34837
34848
34859
34870
34881
34892
34903
34914
34925
34936
34947
34958
34969
34980
34991
35002
35013
35024
35035
35046
35057
35068
35079
35090
35101
35112
35123
35134
35145
35156
35167
35178
35189
35200
35211
35222
35233
35244
35255
35266
35277
35288
35299
35310
35321
35332
35343
35354
35365
35376
35387
35398
35409
35420
35431
35442
35453
35464
35475
35486
35497
35508
35519
35530
35541
35552
35563
35574
35585
35596
35607
35618
35629
35640
35651
35662
35673
35684
35695
35706
35717
35728
35739
35750
35761
35772
35783
35794
35805
35816
35827
35838
35849
35860
35871
35882
35893
35904
35915
35926
35937
35948
35959
35970
35981
35992
36003
36014
36025
36036
36047
36058
36069
36080
36091
36102
36113
36124
36135
36146
36157
36168
36179
36190
36201
36212
36223
36234
36245
36256
36267
36278
36289
36300
36311
36322
36333
36344
36355
36366
36377
36388
36399
36410
36421
36432
36443
36454
36465
36476
36487
36498
36509
36520
36531
36542
36553
36564
36575
36586
36597
36608
36619
36630
36641
36652
36663
36674
36685
36696
36707
36718
36729
36740
36751
36762
36773
36784
36795
36806
36817
36828
36839
36850
36861
36872
36883
36894
36905
36916
36927
36938
36949
36960
36971
36982
36993
37004
37015
37026
37037
37048
37059
37070
37081
37092
37103
37114
37125
37136
37147
37158
37169
37180
37191
37202
37213
37224
37235
37246
37257
37268
37279
37290
37301
37312
37323
37334
37345
37356
37367
37378
37389
37400
37411
37422
37433
37444
37455
37466
37477
37488
37499
37510
37521
37532
37543
37554
37565
37576
37587
37598
37609
37620
37631
37642
37653
37664
37675
37686
37697
37708
37719
37730
37741
37752
37763
37774
37785
37796
37807
37818
37829
37840
37851
37862
37873
37884
37895
37906
37917
37928
37939
37950
37961
37972
37983
37994
38005
38016
38027
38038
38049
38060
38071
38082
38093
38104
38115
38126
38137
38148
38159
38170
38181
38192
38203
38214
38225
38236
38247
38258
38269
38280
38291
38302
38313
38324
38335
38346
38357
38368
38379
38390
38401
38412
38423
38434
38445
38456
38467
38478
38489
38500
38511
38522
38533
38544
38555
38566
38577
38588
38599
38610
38621
38632
38643
38654
38665
38676
38687
38698
38709
38720
38731
38742
38753
38764
38775
38786
38797
38808
38819
38830
38841
38852
38863
38874
38885
38896
38907
38918
38929
38940
38951
38962
38973
38984
38995
39006
39017
39028
39039
39050
39061
39072
39083
39094
39105
39116
39127
39138
39149
39160
39171
39182
39193
39204
39215
39226
39237
39248
39259
39270
39281
39292
39303
39314
39325
39336
39347
39358
39369
39380
39391
39402
39413
39424
39435
39446
39457
39468
39479
39490
39501
39512
39523
39534
39545
39556
39567
39578
39589
39600
39611
39622
39633
39644
39655
39666
39677
39688
39699
39710
39721
39732
39743
39754
39765
39776
39787
39798
39809
39820
39831
39842
39853
39864
39875
39886
39897
39908
39919
39930
39941
39952
39963
39974
39985
39996
40007
40018
40029
40040
40051
40062
40073
40084
40095
40106
40117
40128
40139
40150
40161
40172
40183
40194
40205
40216
40227
40238
40249
40260
40271
40282
40293
40304
40315
40326
40337
40348
40359
40370
40381
40392
40403
40414
40425
40436
40447
40458
40469
40480
40491
40502
40513
40524
40535
40546
40557
40568
40579
40590
40601
40612
40623
40634
40645
40656
40667
40678
40689
40700
40711
40722
40733
40744
40755
40766
40777
40788
40799
40810
40821
40832
40843
40854
40865
40876
40887
40898
40909
40920
40931
40942
40953
40964
40975
40986
40997
41008
41019
41030
41041
41052
41063
41074
41085
41096
41107
41118
41129
41140
41151
41162
41173
41184
41195
41206
41217
41228
41239
41250
41261
41272
41283
41294
41305
41316
41327
41338
41349
41360
41371
41382
41393
41404
41415
41426
41437
41448
41459
41470
41481
41492
41503
41514
41525
41536
41547
41558
41569
41580
41591
41602
41613
41624
41635
41646
41657
41668
41679
41690
41701
41712
41723
41734
41745
41756
41767
41778
41789
41800
41811
41822
41833
41844
41855
41866
41877
41888
41899
41910
41921
41932
41943
41954
41965
41976
41987
41998
42009
42020
42031
42042
42053
42064
42075
42086
42097
42108
42119
42130
42141
42152
42163
42174
42185
42196
42207
42218
42229
42240
42251
42262
42273
42284
42295
42306
42317
42328
42339
42350
42361
42372
42383
42394
42405
42416
42427
42438
42449
42460
42471
42482
42493
42504
42515
42526
42537
42548
42559
42570
42581
42592
42603
42614
42625
42636
42647
42658
42669
42680
42691
42702
42713
42724
42735
42746
42757
42768
42779
42790
42801
42812
42823
42834
42845
42856
42867
42878
42889
42900
42911
42922
42933
42944
42955
42966
42977
42988
42999
43010
43021
43032
43043
43054
43065
43076
43087
43098
43109
43120
43131
43142
43153
43164
43175
43186
43197
43208
43219
43230
43241
43252
43263
43274
43285
43296
43307
43318
43329
43340
43351
43362
43373
43384
43395
43406
43417
43428
43439
43450
43461
43472
43483
43494
43505
43516
43527
43538
43549
43560
43571
43582
43593
43604
43615
43626
43637
43648
43659
43670
43681
43692
43703
43714
43725
43736
43747
43758
43769
43780
43791
43802
43813
43824
43835
43846
43857
43868
43879
43890
43901
43912
43923
43934
43945
43956
43967
43978
43989
44000
44011
44022
44033
44044
44055
44066
44077
44088
44099
44110
44121
44132
44143
44154
44165
44176
44187
44198
44209
44220
44231
44242
44253
44264
44275
44286
44297
44308
44319
44330
44341
44352
44363
44374
44385
44396
44407
44418
44429
44440
44451
44462
44473
44484
44495
44506
44517
44528
44539
44550
44561
44572
44583
44594
44605
44616
44627
44638
44649
44660
44671
44682
44693
44704
44715
44726
44737
44748
44759
44770
44781
44792
44803
44814
44825
44836
44847
44858
44869
44880
44891
44902
44913
44924
44935
44946
44957
44968
44979
44990
45001
45012
45023
45034
45045
45056
45067
45078
45089
45100
45111
45122
45133
45144
45155
45166
45177
45188
45199
45210
45221
45232
45243
45254
45265
45276
45287
45298
45309
45320
45331
45342
45353
45364
45375
45386
45397
45408
45419
45430
45441
45452
45463
45474
45485
45496
45507
45518
45529
45540
45551
45562
45573
45584
45595
45606
45617
45628
45639
45650
45661
45672
45683
45694
45705
45716
45727
45738
45749
45760
45771
45782
45793
45804
45815
45826
45837
45848
45859
45870
45881
45892
45903
45914
45925
45936
45947
45958
45969
45980
45991
46002
46013
46024
46035
46046
46057
46068
46079
46090
46101
46112
46123
46134
46145
46156
46167
46178
46189
46200
46211
46222
46233
46244
46255
46266
46277
46288
46299
46310
46321
46332
46343
46354
46365
46376
46387
46398
46409
46420
46431
46442
46453
46464
46475
46486
46497
46508
46519
46530
46541
46552
46563
46574
46585
46596
46607
46618
46629
46640
46651
46662
46673
46684
46695
46706
46717
46728
46739
46750
46761
46772
46783
46794
46805
46816
46827
46838
46849
46860
46871
46882
46893
46904
46915
46926
46937
46948
46959
46970
46981
46992
47003
47014
47025
47036
47047
47058
47069
47080
47091
47102
47113
47124
47135
47146
47157
47168
47179
47190
47201
47212
47223
47234
47245
47256
47267
47278
47289
47300
47311
47322
47333
47344
47355
47366
47377
47388
47399
47410
47421
47432
47443
47454
47465
47476
47487
47498
47509
47520
47531
47542
47553
47564
47575
47586
47597
47608
47619
47630
47641
47652
47663
47674
47685
47696
47707
47718
47729
47740
47751
47762
47773
47784
47795
47806
47817
47828
47839
47850
47861
47872
47883
47894
47905
47916
47927
47938
47949
47960
47971
47982
47993
48004
48015
48026
48037
48048
48059
48070
48081
48092
48103
48114
48125
48136
48147
48158
48169
48180
48191
48202
48213
48224
48235
48246
48257
48268
48279
48290
48301
48312
48323
48334
48345
48356
48367
48378
48389
48400
48411
48422
48433
48444
48455
48466
48477
48488
48499
48510
48521
48532
48543
48554
48565
48576
48587
48598
48609
48620
48631
48642
48653
48664
48675
48686
48697
48708
48719
48730
48741
48752
48763
48774
48785
48796
48807
48818
48829
48840
48851
48862
48873
48884
48895
48906
48917
48928
48939
48950
48961
48972
48983
48994
49005
49016
49027
49038
49049
49060
49071
49082
49093
49104
49115
49126
49137
49148
49159
49170
49181
49192
49203
49214
49225
49236
49247
49258
49269
49280
49291
49302
49313
49324
49335
49346
49357
49368
49379
49390
49401
49412
49423
49434
49445
49456
49467
49478
49489
49500
49511
49522
49533
49544
49555
49566
49577
49588
49599
49610
49621
49632
49643
49654
49665
49676
49687
49698
49709
49720
49731
49742
49753
49764
49775
49786
49797
49808
49819
49830
49841
49852
49863
49874
49885
49896
49907
49918
49929
49940
49951
49962
49973
49984
49995
50006
50017
50028
50039
50050
50061
50072
50083
50094
50105
50116
50127
50138
50149
50160
50171
50182
50193
50204
50215
50226
50237
50248
50259
50270
50281
50292
50303
50314
50325
50336
50347
50358
50369
50380
50391
50402
50413
50424
50435
50446
50457
50468
50479
50490
50501
50512
50523
50534
50545
50556
50567
50578
50589
50600
50611
50622
50633
50644
50655
50666
50677
50688
50699
50710
50721
50732
50743
50754
50765
50776
50787
50798
50809
50820
50831
50842
50853
50864
50875
50886
50897
50908
50919
50930
50941
50952
50963
50974
50985
50996
51007
51018
51029
51040
51051
51062
51073
51084
51095
51106
51117
51128
51139
51150
51161
51172
51183
51194
51205
51216
51227
51238
51249
51260
51271
51282
51293
51304
51315
51326
51337
51348
51359
51370
51381
51392
51403
51414
51425
51436
51447
51458
51469
51480
51491
51502
51513
51524
51535
51546
51557
51568
51579
51590
51601
51612
51623
51634
51645
51656
51667
51678
51689
51700
51711
51722
51733
51744
51755
51766
51777
51788
51799
51810
51821
51832
51843
51854
51865
51876
51887
51898
51909
51920
51931
51942
51953
51964
51975
51986
51997
52008
52019
52030
52041
52052
52063
52074
52085
52096
52107
52118
52129
52140
52151
52162
52173
52184
52195
52206
52217
52228
52239
52250
52261
52272
52283
52294
52305
52316
52327
52338
52349
52360
52371
52382
52393
52404
52415
52426
52437
52448
52459
52470
52481
52492
52503
52514
52525
52536
52547
52558
52569
52580
52591
52602
52613
52624
52635
52646
52657
52668
52679
52690
52701
52712
52723
52734
52745
52756
52767
52778
52789
52800
52811
52822
52833
52844
52855
52866
52877
52888
52899
52910
52921
52932
52943
52954
52965
52976
52987
52998
53009
53020
53031
53042
53053
53064
53075
53086
53097
53108
53119
53130
53141
53152
53163
53174
53185
53196
53207
53218
53229
53240
53251
53262
53273
53284
53295
53306
53317
53328
53339
53350
53361
53372
53383
53394
53405
53416
53427
53438
53449
53460
53471
53482
53493
53504
53515
53526
53537
53548
53559
53570
53581
53592
53603
53614
53625
53636
53647
53658
53669
53680
53691
53702
53713
53724
53735
53746
53757
53768
53779
53790
53801
53812
53823
53834
53845
53856
53867
53878
53889
53900
53911
53922
53933
53944
53955
53966
53977
53988
53999
54010
54021
54032
54043
54054
54065
54076
54087
54098
54109
54120
54131
54142
54153
54164
54175
54186
54197
54208
54219
54230
54241
54252
54263
54274
54285
54296
54307
54318
54329
54340
54351
54362
54373
54384
54395
54406
54417
54428
54439
54450
54461
54472
54483
54494
54505
54516
54527
54538
54549
54560
54571
54582
54593
54604
54615
54626
54637
54648
54659
54670
54681
54692
54703
54714
54725
54736
54747
54758
54769
54780
54791
54802
54813
54824
54835
54846
54857
54868
54879
54890
54901
54912
54923
54934
54945
54956
54967
54978
54989
55000
55011
55022
55033
55044
55055
55066
55077
55088
55099
55110
55121
55132
55143
55154
55165
55176
55187
55198
55209
55220
55231
55242
55253
55264
55275
55286
55297
55308
55319
55330
55341
55352
55363
55374
55385
55396
55407
55418
55429
55440
55451
55462
55473
55484
55495
55506
55517
55528
55539
55550
55561
55572
55583
55594
55605
55616
55627
55638
55649
55660
55671
55682
55693
55704
55715
55726
55737
55748
55759
55770
55781
55792
55803
55814
55825
55836
55847
55858
55869
55880
55891
55902
55913
55924
55935
55946
55957
55968
55979
55990
56001
56012
56023
56034
56045
56056
56067
56078
56089
56100
56111
56122
56133
56144
56155
56166
56177
56188
56199
56210
56221
56232
56243
56254
56265
56276
56287
56298
56309
56320
56331
56342
56353
56364
56375
56386
56397
56408
56419
56430
56441
56452
56463
56474
56485
56496
56507
56518
56529
56540
56551
56562
56573
56584
56595
56606
56617
56628
56639
56650
56661
56672
56683
56694
56705
56716
56727
56738
56749
56760
56771
56782
56793
56804
56815
56826
56837
56848
56859
56870
56881
56892
56903
56914
56925
56936
56947
56958
56969
56980
56991
57002
57013
57024
57035
57046
57057
57068
57079
57090
57101
57112
57123
57134
57145
57156
57167
57178
57189
57200
57211
57222
57233
57244
57255
57266
57277
57288
57299
57310
57321
57332
57343
57354
57365
57376
57387
57398
57409
57420
57431
57442
57453
57464
57475
57486
57497
57508
57519
57530
57541
57552
57563
57574
57585
57596
57607
57618
57629
57640
57651
57662
57673
57684
57695
57706
57717
57728
57739
57750
57761
57772
57783
57794
57805
57816
57827
57838
57849
57860
57871
57882
57893
57904
57915
57926
57937
57948
57959
57970
57981
57992
58003
58014
58025
58036
58047
58058
58069
58080
58091
58102
58113
58124
58135
58146
58157
58168
58179
58190
58201
58212
58223
58234
58245
58256
58267
58278
58289
58300
58311
58322
58333
58344
58355
58366
58377
58388
58399
58410
58421
58432
58443
58454
58465
58476
58487
58498
58509
58520
58531
58542
58553
58564
58575
58586
58597
58608
58619
58630
58641
58652
58663
58674
58685
58696
58707
58718
58729
58740
58751
58762
58773
58784
58795
58806
58817
58828
58839
58850
58861
58872
58883
58894
58905
58916
58927
58938
58949
58960
58971
58982
58993
59004
59015
59026
59037
59048
59059
59070
59081
59092
59103
59114
59125
59136
59147
59158
59169
59180
59191
59202
59213
59224
59235
59246
59257
59268
59279
59290
59301
59312
59323
59334
59345
59356
59367
59378
59389
59400
59411
59422
59433
59444
59455
59466
59477
59488
59499
59510
59521
59532
59543
59554
59565
59576
59587
59598
59609
59620
59631
59642
59653
59664
59675
59686
59697
59708
59719
59730
59741
59752
59763
59774
59785
59796
59807
59818
59829
59840
59851
59862
59873
59884
59895
59906
59917
59928
59939
59950
59961
59972
59983
59994
60005
60016
60027
60038
60049
60060
60071
60082
60093
60104
60115
60126
60137
60148
60159
60170
60181
60192
60203
60214
60225
60236
60247
60258
60269
60280
60291
60302
60313
60324
60335
60346
60357
60368
60379
60390
60401
60412
60423
60434
60445
60456
60467
60478
60489
60500
60511
60522
60533
60544
60555
60566
60577
60588
60599
60610
60621
60632
60643
60654
60665
60676
60687
60698
60709
60720
60731
60742
60753
60764
60775
60786
60797
60808
60819
60830
60841
60852
60863
60874
60885
60896
60907
60918
60929
60940
60951
60962
60973
60984
60995
61006
61017
61028
61039
61050
61061
61072
61083
61094
61105
61116
61127
61138
61149
61160
61171
61182
61193
61204
61215
61226
61237
61248
61259
61270
61281
61292
61303
61314
61325
61336
61347
61358
61369
61380
61391
61402
61413
61424
61435
61446
61457
61468
61479
61490
61501
61512
61523
61534
61545
61556
61567
61578
61589
61600
61611
61622
61633
61644
61655
61666
61677
61688
61699
61710
61721
61732
61743
61754
61765
61776
61787
61798
61809
61820
61831
61842
61853
61864
61875
61886
61897
61908
61919
61930
61941
61952
61963
61974
61985
61996
62007
62018
62029
62040
62051
62062
62073
62084
62095
62106
62117
62128
62139
62150
62161
62172
62183
62194
62205
62216
62227
62238
62249
62260
62271
62282
62293
62304
62315
62326
62337
62348
62359
62370
62381
62392
62403
62414
62425
62436
62447
62458
62469
62480
62491
62502
62513
62524
62535
62546
62557
62568
62579
62590
62601
62612
62623
62634
62645
62656
62667
62678
62689
62700
62711
62722
62733
62744
62755
62766
62777
62788
62799
62810
62821
62832
62843
62854
62865
62876
62887
62898
62909
62920
62931
62942
62953
62964
62975
62986
62997
63008
63019
63030
63041
63052
63063
63074
63085
63096
63107
63118
63129
63140
63151
63162
63173
63184
63195
63206
63217
63228
63239
63250
63261
63272
63283
63294
63305
63316
63327
63338
63349
63360
63371
63382
63393
63404
63415
63426
63437
63448
63459
63470
63481
63492
63503
63514
63525
63536
63547
63558
63569
63580
63591
63602
63613
63624
63635
63646
63657
63668
63679
63690
63701
63712
63723
63734
63745
63756
63767
63778
63789
63800
63811
63822
63833
63844
63855
63866
63877
63888
63899
63910
63921
63932
63943
63954
63965
63976
63987
63998
64009
64020
64031
64042
64053
64064
64075
64086
64097
64108
64119
64130
64141
64152
64163
64174
64185
64196
64207
64218
64229
64240
64251
64262
64273
64284
64295
64306
64317
64328
64339
64350
64361
64372
64383
64394
64405
64416
64427
64438
64449
64460
64471
64482
64493
64504
64515
64526
64537
64548
64559
64570
64581
64592
64603
64614
64625
64636
64647
64658
64669
64680
64691
64702
64713
64724
64735
64746
64757
64768
64779
64790
64801
64812
64823
64834
64845
64856
64867
64878
64889
64900
64911
64922
64933
64944
64955
64966
64977
64988
64999
65010
65021
65032
65043
65054
65065
65076
65087
65098
65109
65120
65131
65142
65153
65164
65175
65186
65197
65208
65219
65230
65241
65252
65263
65274
65285
65296
65307
65318
65329
65340
65351
65362
65373
65384
65395
65406
65417
65428
65439
65450
65461
65472
65483
65494
65505
65516
65527
65538
65549
65560
65571
65582
65593
65604
65615
65626
65637
65648
65659
65670
65681
65692
65703
65714
65725
65736
65747
65758
65769
65780
65791
65802
65813
65824
65835
65846
65857
65868
65879
65890
65901
65912
65923
65934
65945
65956
65967
65978
65989
66000
66011
66022
66033
66044
66055
66066
66077
66088
66099
66110
66121
66132
66143
66154
66165
66176
66187
66198
66209
66220
66231
66242
66253
66264
66275
66286
66297
66308
66319
66330
66341
66352
66363
66374
66385
66396
66407
66418
66429
66440
66451
66462
66473
66484
66495
66506
66517
66528
66539
66550
66561
66572
66583
66594
66605
66616
66627
66638
66649
66660
66671
66682
66693
66704
66715
66726
66737
66748
66759
66770
66781
66792
66803
66814
66825
66836
66847
66858
66869
66880
66891
66902
66913
66924
66935
66946
66957
66968
66979
66990
67001
67012
67023
67034
67045
67056
67067
67078
67089
67100
67111
67122
67133
67144
67155
67166
67177
67188
67199
67210
67221
67232
67243
67254
67265
67276
67287
67298
67309
67320
67331
67342
67353
67364
67375
67386
67397
67408
67419
67430
67441
67452
67463
67474
67485
67496
67507
67518
67529
67540
67551
67562
67573
67584
67595
67606
67617
67628
67639
67650
67661
67672
67683
67694
67705
67716
67727
67738
67749
67760
67771
67782
67793
67804
67815
67826
67837
67848
67859
67870
67881
67892
67903
67914
67925
67936
67947
67958
67969
67980
67991
68002
68013
68024
68035
68046
68057
68068
68079
68090
68101
68112
68123
68134
68145
68156
68167
68178
68189
68200
68211
68222
68233
68244
68255
68266
68277
68288
68299
68310
68321
68332
68343
68354
68365
68376
68387
68398
68409
68420
68431
68442
68453
68464
68475
68486
68497
68508
68519
68530
68541
68552
68563
68574
68585
68596
68607
68618
68629
68640
68651
68662
68673
68684
68695
68706
68717
68728
68739
68750
68761
68772
68783
68794
68805
68816
68827
68838
68849
68860
68871
68882
68893
68904
68915
68926
68937
68948
68959
68970
68981
68992
69003
69014
69025
69036
69047
69058
69069
69080
69091
69102
69113
69124
69135
69146
69157
69168
69179
69190
69201
69212
69223
69234
69245
69256
69267
69278
69289
69300
69311
69322
69333
69344
69355
69366
69377
69388
69399
69410
69421
69432
69443
69454
69465
69476
69487
69498
69509
69520
69531
69542
69553
69564
69575
69586
69597
69608
69619
69630
69641
69652
69663
69674
69685
69696
69707
69718
69729
69740
69751
69762
69773
69784
69795
69806
69817
69828
69839
69850
69861
69872
69883
69894
69905
69916
69927
69938
69949
69960
69971
69982
69993
70004
70015
70026
70037
70048
70059
70070
70081
70092
70103
70114
70125
70136
70147
70158
70169
70180
70191
70202
70213
70224
70235
70246
70257
70268
70279
70290
70301
70312
70323
70334
70345
70356
70367
70378
70389
70400
70411
70422
70433
70444
70455
70466
70477
70488
70499
70510
70521
70532
70543
70554
70565
70576
70587
70598
70609
70620
70631
70642
70653
70664
70675
70686
70697
70708
70719
70730
70741
70752
70763
70774
70785
70796
70807
70818
70829
70840
70851
70862
70873
70884
70895
70906
70917
70928
70939
70950
70961
70972
70983
70994
71005
71016
71027
71038
71049
71060
71071
71082
71093
71104
71115
71126
71137
71148
71159
71170
71181
71192
71203
71214
71225
71236
71247
71258
71269
71280
71291
71302
71313
71324
71335
71346
71357
71368
71379
71390
71401
71412
71423
71434
71445
71456
71467
71478
71489
71500
71511
71522
71533
71544
71555
71566
71577
71588
71599
71610
71621
71632
71643
71654
71665
71676
71687
71698
71709
71720
71731
71742
71753
71764
71775
71786
71797
71808
71819
71830
71841
71852
71863
71874
71885
71896
71907
71918
71929
71940
71951
71962
71973
71984
71995
72006
72017
72028
72039
72050
72061
72072
72083
72094
72105
72116
72127
72138
72149
72160
72171
72182
72193
72204
72215
72226
72237
72248
72259
72270
72281
72292
72303
72314
72325
72336
72347
72358
72369
72380
72391
72402
72413
72424
72435
72446
72457
72468
72479
72490
72501
72512
72523
72534
72545
72556
72567
72578
72589
72600
72611
72622
72633
72644
72655
72666
72677
72688
72699
72710
72721
72732
72743
72754
72765
72776
72787
72798
72809
72820
72831
72842
72853
72864
72875
72886
72897
72908
72919
72930
72941
72952
72963
72974
72985
72996
73007
73018
73029
73040
73051
73062
73073
73084
73095
73106
73117
73128
73139
73150
73161
73172
73183
73194
73205
73216
73227
73238
73249
73260
73271
73282
73293
73304
73315
73326
73337
73348
73359
73370
73381
73392
73403
73414
73425
73436
73447
73458
73469
73480
73491
73502
73513
73524
73535
73546
73557
73568
73579
73590
73601
73612
73623
73634
73645
73656
73667
73678
73689
73700
73711
73722
73733
73744
73755
73766
73777
73788
73799
73810
73821
73832
73843
73854
73865
73876
73887
73898
73909
73920
73931
73942
73953
73964
73975
73986
73997
74008
74019
74030
74041
74052
74063
74074
74085
74096
74107
74118
74129
74140
74151
74162
74173
74184
74195
74206
74217
74228
74239
74250
74261
74272
74283
74294
74305
74316
74327
74338
74349
74360
74371
74382
74393
74404
74415
74426
74437
74448
74459
74470
74481
74492
74503
74514
74525
74536
74547
74558
74569
74580
74591
74602
74613
74624
74635
74646
74657
74668
74679
74690
74701
74712
74723
74734
74745
74756
74767
74778
74789
74800
74811
74822
74833
74844
74855
74866
74877
74888
74899
74910
74921
74932
74943
74954
74965
74976
74987
74998
75009
75020
75031
75042
75053
75064
75075
75086
75097
75108
75119
75130
75141
75152
75163
75174
75185
75196
75207
75218
75229
75240
75251
75262
75273
75284
75295
75306
75317
75328
75339
75350
75361
75372
75383
75394
75405
75416
75427
75438
75449
75460
75471
75482
75493
75504
75515
75526
75537
75548
75559
75570
75581
75592
75603
75614
75625
75636
75647
75658
75669
75680
75691
75702
75713
75724
75735
75746
75757
75768
75779
75790
75801
75812
75823
75834
75845
75856
75867
75878
75889
75900
75911
75922
75933
75944
75955
75966
75977
75988
75999
76010
76021
76032
76043
76054
76065
76076
76087
76098
76109
76120
76131
76142
76153
76164
76175
76186
76197
76208
76219
76230
76241
76252
76263
76274
76285
76296
76307
76318
76329
76340
76351
76362
76373
76384
76395
76406
76417
76428
76439
76450
76461
76472
76483
76494
76505
76516
76527
76538
76549
76560
76571
76582
76593
76604
76615
76626
76637
76648
76659
76670
76681
76692
76703
76714
76725
76736
76747
76758
76769
76780
76791
76802
76813
76824
76835
76846
76857
76868
76879
76890
76901
76912
76923
76934
76945
76956
76967
76978
76989
77000
77011
77022
77033
77044
77055
77066
77077
77088
77099
77110
77121
77132
77143
77154
77165
77176
77187
77198
77209
77220
77231
77242
77253
77264
77275
77286
77297
77308
77319
77330
77341
77352
77363
77374
77385
77396
77407
77418
77429
77440
77451
77462
77473
77484
77495
77506
77517
77528
77539
77550
77561
77572
77583
77594
77605
77616
77627
77638
77649
77660
77671
77682
77693
77704
77715
77726
77737
77748
77759
77770
77781
77792
77803
77814
77825
77836
77847
77858
77869
77880
77891
77902
77913
77924
77935
77946
77957
77968
77979
77990
78001
78012
78023
78034
78045
78056
78067
78078
78089
78100
78111
78122
78133
78144
78155
78166
78177
78188
78199
78210
78221
78232
78243
78254
78265
78276
78287
78298
78309
78320
78331
78342
78353
78364
78375
78386
78397
78408
78419
78430
78441
78452
78463
78474
78485
78496
78507
78518
78529
78540
78551
78562
78573
78584
78595
78606
78617
78628
78639
78650
78661
78672
78683
78694
78705
78716
78727
78738
78749
78760
78771
78782
78793
78804
78815
78826
78837
78848
78859
78870
78881
78892
78903
78914
78925
78936
78947
78958
78969
78980
78991
79002
79013
79024
79035
79046
79057
79068
79079
79090
79101
79112
79123
79134
79145
79156
79167
79178
79189
79200
79211
79222
79233
79244
79255
79266
79277
79288
79299
79310
79321
79332
79343
79354
79365
79376
79387
79398
79409
79420
79431
79442
79453
79464
79475
79486
79497
79508
79519
79530
79541
79552
79563
79574
79585
79596
79607
79618
79629
79640
79651
79662
79673
79684
79695
79706
79717
79728
79739
79750
79761
79772
79783
79794
79805
79816
79827
79838
79849
79860
79871
79882
79893
79904
79915
79926
79937
79948
79959
79970
79981
79992
80003
80014
80025
80036
80047
80058
80069
80080
80091
80102
80113
80124
80135
80146
80157
80168
80179
80190
80201
80212
80223
80234
80245
80256
80267
80278
80289
80300
80311
80322
80333
80344
80355
80366
80377
80388
80399
80410
80421
80432
80443
80454
80465
80476
80487
80498
80509
80520
80531
80542
80553
80564
80575
80586
80597
80608
80619
80630
80641
80652
80663
80674
80685
80696
80707
80718
80729
80740
80751
80762
80773
80784
80795
80806
80817
80828
80839
80850
80861
80872
80883
80894
80905
80916
80927
80938
80949
80960
80971
80982
80993
81004
81015
81026
81037
81048
81059
81070
81081
81092
81103
81114
81125
81136
81147
81158
81169
81180
81191
81202
81213
81224
81235
81246
81257
81268
81279
81290
81301
81312
81323
81334
81345
81356
81367
81378
81389
81400
81411
81422
81433
81444
81455
81466
81477
81488
81499
81510
81521
81532
81543
81554
81565
81576
81587
81598
81609
81620
81631
81642
81653
81664
81675
81686
81697
81708
81719
81730
81741
81752
81763
81774
81785
81796
81807
81818
81829
81840
81851
81862
81873
81884
81895
81906
81917
81928
81939
81950
81961
81972
81983
81994
82005
82016
82027
82038
82049
82060
82071
82082
82093
82104
82115
82126
82137
82148
82159
82170
82181
82192
82203
82214
82225
82236
82247
82258
82269
82280
82291
82302
82313
82324
82335
82346
82357
82368
82379
82390
82401
82412
82423
82434
82445
82456
82467
82478
82489
82500
82511
82522
82533
82544
82555
82566
82577
82588
82599
82610
82621
82632
82643
82654
82665
82676
82687
82698
82709
82720
82731
82742
82753
82764
82775
82786
82797
82808
82819
82830
82841
82852
82863
82874
82885
82896
82907
82918
82929
82940
82951
82962
82973
82984
82995
83006
83017
83028
83039
83050
83061
83072
83083
83094
83105
83116
83127
83138
83149
83160
83171
83182
83193
83204
83215
83226
83237
83248
83259
83270
83281
83292
83303
83314
83325
83336
83347
83358
83369
83380
83391
83402
83413
83424
83435
83446
83457
83468
83479
83490
83501
83512
83523
83534
83545
83556
83567
83578
83589
83600
83611
83622
83633
83644
83655
83666
83677
83688
83699
83710
83721
83732
83743
83754
83765
83776
83787
83798
83809
83820
83831
83842
83853
83864
83875
83886
83897
83908
83919
83930
83941
83952
83963
83974
83985
83996
84007
84018
84029
84040
84051
84062
84073
84084
84095
84106
84117
84128
84139
84150
84161
84172
84183
84194
84205
84216
84227
84238
84249
84260
84271
84282
84293
84304
84315
84326
84337
84348
84359
84370
84381
84392
84403
84414
84425
84436
84447
84458
84469
84480
84491
84502
84513
84524
84535
84546
84557
84568
84579
84590
84601
84612
84623
84634
84645
84656
84667
84678
84689
84700
84711
84722
84733
84744
84755
84766
84777
84788
84799
84810
84821
84832
84843
84854
84865
84876
84887
84898
84909
84920
84931
84942
84953
84964
84975
84986
84997
85008
85019
85030
85041
85052
85063
85074
85085
85096
85107
85118
85129
85140
85151
85162
85173
85184
85195
85206
85217
85228
85239
85250
85261
85272
85283
85294
85305
85316
85327
85338
85349
85360
85371
85382
85393
85404
85415
85426
85437
85448
85459
85470
85481
85492
85503
85514
85525
85536
85547
85558
85569
85580
85591
85602
85613
85624
85635
85646
85657
85668
85679
85690
85701
85712
85723
85734
85745
85756
85767
85778
85789
85800
85811
85822
85833
85844
85855
85866
85877
85888
85899
85910
85921
85932
85943
85954
85965
85976
85987
85998
86009
86020
86031
86042
86053
86064
86075
86086
86097
86108
86119
86130
86141
86152
86163
86174
86185
86196
86207
86218
86229
86240
86251
86262
86273
86284
86295
86306
86317
86328
86339
86350
86361
86372
86383
86394
86405
86416
86427
86438
86449
86460
86471
86482
86493
86504
86515
86526
86537
86548
86559
86570
86581
86592
86603
86614
86625
86636
86647
86658
86669
86680
86691
86702
86713
86724
86735
86746
86757
86768
86779
86790
86801
86812
86823
86834
86845
86856
86867
86878
86889
86900
86911
86922
86933
86944
86955
86966
86977
86988
86999
87010
87021
87032
87043
87054
87065
87076
87087
87098
87109
87120
87131
87142
87153
87164
87175
87186
87197
87208
87219
87230
87241
87252
87263
87274
87285
87296
87307
87318
87329
87340
87351
87362
87373
87384
87395
87406
87417
87428
87439
87450
87461
87472
87483
87494
87505
87516
87527
87538
87549
87560
87571
87582
87593
87604
87615
87626
87637
87648
87659
87670
87681
87692
87703
87714
87725
87736
87747
87758
87769
87780
87791
87802
87813
87824
87835
87846
87857
87868
87879
87890
87901
87912
87923
87934
87945
87956
87967
87978
87989
88000
88011
88022
88033
88044
88055
88066
88077
88088
88099
88110
88121
88132
88143
88154
88165
88176
88187
88198
88209
88220
88231
88242
88253
88264
88275
88286
88297
88308
88319
88330
88341
88352
88363
88374
88385
88396
88407
88418
88429
88440
88451
88462
88473
88484
88495
88506
88517
88528
88539
88550
88561
88572
88583
88594
88605
88616
88627
88638
88649
88660
88671
88682
88693
88704
88715
88726
88737
88748
88759
88770
88781
88792
88803
88814
88825
88836
88847
88858
88869
88880
88891
88902
88913
88924
88935
88946
88957
88968
88979
88990
89001
89012
89023
89034
89045
89056
89067
89078
89089
89100
89111
89122
89133
89144
89155
89166
89177
89188
89199
89210
89221
89232
89243
89254
89265
89276
89287
89298
89309
89320
89331
89342
89353
89364
89375
89386
89397
89408
89419
89430
89441
89452
89463
89474
89485
89496
89507
89518
89529
89540
89551
89562
89573
89584
89595
89606
89617
89628
89639
89650
89661
89672
89683
89694
89705
89716
89727
89738
89749
89760
89771
89782
89793
89804
89815
89826
89837
89848
89859
89870
89881
89892
89903
89914
89925
89936
89947
89958
89969
89980
89991
90002
90013
90024
90035
90046
90057
90068
90079
90090
90101
90112
90123
90134
90145
90156
90167
90178
90189
90200
90211
90222
90233
90244
90255
90266
90277
90288
90299
90310
90321
90332
90343
90354
90365
90376
90387
90398
90409
90420
90431
90442
90453
90464
90475
90486
90497
90508
90519
90530
90541
90552
90563
90574
90585
90596
90607
90618
90629
90640
90651
90662
90673
90684
90695
90706
90717
90728
90739
90750
90761
90772
90783
90794
90805
90816
90827
90838
90849
90860
90871
90882
90893
90904
90915
90926
90937
90948
90959
90970
90981
90992
91003
91014
91025
91036
91047
91058
91069
91080
91091
91102
91113
91124
91135
91146
91157
91168
91179
91190
91201
91212
91223
91234
91245
91256
91267
91278
91289
91300
91311
91322
91333
91344
91355
91366
91377
91388
91399
91410
91421
91432
91443
91454
91465
91476
91487
91498
91509
91520
91531
91542
91553
91564
91575
91586
91597
91608
91619
91630
91641
91652
91663
91674
91685
91696
91707
91718
91729
91740
91751
91762
91773
91784
91795
91806
91817
91828
91839
91850
91861
91872
91883
91894
91905
91916
91927
91938
91949
91960
91971
91982
91993
92004
92015
92026
92037
92048
92059
92070
92081
92092
92103
92114
92125
92136
92147
92158
92169
92180
92191
92202
92213
92224
92235
92246
92257
92268
92279
92290
92301
92312
92323
92334
92345
92356
92367
92378
92389
92400
92411
92422
92433
92444
92455
92466
92477
92488
92499
92510
92521
92532
92543
92554
92565
92576
92587
92598
92609
92620
92631
92642
92653
92664
92675
92686
92697
92708
92719
92730
92741
92752
92763
92774
92785
92796
92807
92818
92829
92840
92851
92862
92873
92884
92895
92906
92917
92928
92939
92950
92961
92972
92983
92994
93005
93016
93027
93038
93049
93060
93071
93082
93093
93104
93115
93126
93137
93148
93159
93170
93181
93192
93203
93214
93225
93236
93247
93258
93269
93280
93291
93302
93313
93324
93335
93346
93357
93368
93379
93390
93401
93412
93423
93434
93445
93456
93467
93478
93489
93500
93511
93522
93533
93544
93555
93566
93577
93588
93599
93610
93621
93632
93643
93654
93665
93676
93687
93698
93709
93720
93731
93742
93753
93764
93775
93786
93797
93808
93819
93830
93841
93852
93863
93874
93885
93896
93907
93918
93929
93940
93951
93962
93973
93984
93995
94006
94017
94028
94039
94050
94061
94072
94083
94094
94105
94116
94127
94138
94149
94160
94171
94182
94193
94204
94215
94226
94237
94248
94259
94270
94281
94292
94303
94314
94325
94336
94347
94358
94369
94380
94391
94402
94413
94424
94435
94446
94457
94468
94479
94490
94501
94512
94523
94534
94545
94556
94567
94578
94589
94600
94611
94622
94633
94644
94655
94666
94677
94688
94699
94710
94721
94732
94743
94754
94765
94776
94787
94798
94809
94820
94831
94842
94853
94864
94875
94886
94897
94908
94919
94930
94941
94952
94963
94974
94985
94996
95007
95018
95029
95040
95051
95062
95073
95084
95095
95106
95117
95128
95139
95150
95161
95172
95183
95194
95205
95216
95227
95238
95249
95260
95271
95282
95293
95304
95315
95326
95337
95348
95359
95370
95381
95392
95403
95414
95425
95436
95447
95458
95469
95480
95491
95502
95513
95524
95535
95546
95557
95568
95579
95590
95601
95612
95623
95634
95645
95656
95667
95678
95689
95700
95711
95722
95733
95744
95755
95766
95777
95788
95799
95810
95821
95832
95843
95854
95865
95876
95887
95898
95909
95920
95931
95942
95953
95964
95975
95986
95997
96008
96019
96030
96041
96052
96063
96074
96085
96096
96107
96118
96129
96140
96151
96162
96173
96184
96195
96206
96217
96228
96239
96250
96261
96272
96283
96294
96305
96316
96327
96338
96349
96360
96371
96382
96393
96404
96415
96426
96437
96448
96459
96470
96481
96492
96503
96514
96525
96536
96547
96558
96569
96580
96591
96602
96613
96624
96635
96646
96657
96668
96679
96690
96701
96712
96723
96734
96745
96756
96767
96778
96789
96800
96811
96822
96833
96844
96855
96866
96877
96888
96899
96910
96921
96932
96943
96954
96965
96976
96987
96998
97009
97020
97031
97042
97053
97064
97075
97086
97097
97108
97119
97130
97141
97152
97163
97174
97185
97196
97207
97218
97229
97240
97251
97262
97273
97284
97295
97306
97317
97328
97339
97350
97361
97372
97383
97394
97405
97416
97427
97438
97449
97460
97471
97482
97493
97504
97515
97526
97537
97548
97559
97570
97581
97592
97603
97614
97625
97636
97647
97658
97669
97680
97691
97702
97713
97724
97735
97746
97757
97768
97779
97790
97801
97812
97823
97834
97845
97856
97867
97878
97889
97900
97911
97922
97933
97944
97955
97966
97977
97988
97999
98010
98021
98032
98043
98054
98065
98076
98087
98098
98109
98120
98131
98142
98153
98164
98175
98186
98197
98208
98219
98230
98241
98252
98263
98274
98285
98296
98307
98318
98329
98340
98351
98362
98373
98384
98395
98406
98417
98428
98439
98450
98461
98472
98483
98494
98505
98516
98527
98538
98549
98560
98571
98582
98593
98604
98615
98626
98637
98648
98659
98670
98681
98692
98703
98714
98725
98736
98747
98758
98769
98780
98791
98802
98813
98824
98835
98846
98857
98868
98879
98890
98901
98912
98923
98934
98945
98956
98967
98978
98989
99000
99011
99022
99033
99044
99055
99066
99077
99088
99099
99110
99121
99132
99143
99154
99165
99176
99187
99198
99209
99220
99231
99242
99253
99264
99275
99286
99297
99308
99319
99330
99341
99352
99363
99374
99385
99396
99407
99418
99429
99440
99451
99462
99473
99484
99495
99506
99517
99528
99539
99550
99561
99572
99583
99594
99605
99616
99627
99638
99649
99660
99671
99682
99693
99704
99715
99726
99737
99748
99759
99770
99781
99792
99803
99814
99825
99836
99847
99858
99869
99880
99891
99902
99913
99924
99935
99946
99957
99968
99979
99990